0050
0022
0022
0023
0023
0022
0022
0023
0023
0023
0023
0023
0023
0023
0023
0024
0023
0025
0023
0026
0025
0026
0025
0028
0025
0027
0027
0029
0026
0031
0027
0032
0029
0030
0030
0038
0030
0034
0034
0042
0031
0043
0032
0043
0040
0040
0034
0057
0040
0049
0043
0054
0040
0058
0048
0069
0050
0054
0046
0088
0047
0061
0065
0086
0062
0085
0054
0086
0067
0098
0059
0132
0062
0083
0090
0109
0085
0121
0071
0160
0096
0103
0077
0185
0103
0122
0104
0180
0088
0200
0119
0167
0120
0137
0131
0271
0104
0187
0162
0253
0113
0229
0121
0273
0217
0182
0129
0336
0137
0287
0180
0386
0148
0302
0202
0302
0247
0237
0228
0553
0206
0258
0235
0353
0249
0487
0197
0480
0263
0443
0214
0592
0300
0330
0410
0552
0240
0498
0245
0730
0325
0397
0371
0902
0378
0419
0453
0572
0300
0789
0303
0759
0497
0719
0444
0960
0336
0516
0449
1122
0515
0841
0379
0756
0728
0594
0405
1446
0490
0947
0682
0857
0444
0950
0771
1351
0603
0714
0488
1756
0499
1140
0664
1272
0721
1144
0764
1107
1041
1270
0585
1983
0588
0903
1151
1553
0619
1719
0639
2026
0870
1037
0950
1998
0952
1070
1155
2139
1044
2483
0756
1567
1003
1191
1096
2839
1141
1250
1118
2618
1225
1901
0898
2950
1787
1385
0964
2737
0941
2168
1929
2461
0989
2746
1399
2139
1353
2457
1058
4610
1085
2143
1779
2288
1995
2570
1662
2969
1556
2672
1259
4759
1778
1939
2454
3727
