001 : p=5, g=7, part=[2, 2, 2, 2, 2], group=[[1, 6], [2, 5], [3, 4], [7, 10], [8, 9]]
002 : p=5, g=9, part=[2, 2, 2, 2, 2], group=[[1, 8], [2, 7], [3, 6], [4, 5], [9, 10]]
003 : p=5, g=1, part=[2, 2, 2, 2, 2], group=[[1, 10], [2, 9], [3, 8], [4, 7], [5, 6]]
004 : p=5, g=5, part=[2, 2, 2, 2, 2], group=[[1, 4], [2, 3], [5, 10], [6, 9], [7, 8]]
005 : p=5, g=3, part=[2, 2, 2, 2, 2], group=[[1, 2], [3, 10], [4, 9], [5, 8], [6, 7]]
006 : p=3, g=5, part=[2, 2, 6], group=[[1, 2, 3, 4, 5, 10], [6, 9], [7, 8]]
007 : p=3, g=5, part=[2, 2, 6], group=[[1, 4, 5, 7, 8, 10], [2, 3], [6, 9]]
008 : p=3, g=5, part=[2, 2, 6], group=[[1, 4], [2, 3], [5, 6, 7, 8, 9, 10]]
009 : p=3, g=5, part=[2, 2, 6], group=[[1, 4, 6, 7, 8, 9], [2, 3], [5, 10]]
010 : p=3, g=5, part=[2, 2, 6], group=[[1, 2, 3, 4, 6, 9], [5, 10], [7, 8]]
011 : p=3, g=5, part=[2, 2, 6], group=[[1, 4], [2, 3, 5, 7, 8, 10], [6, 9]]
012 : p=3, g=5, part=[2, 2, 6], group=[[1, 4], [2, 3, 6, 7, 8, 9], [5, 10]]
013 : p=3, g=5, part=[2, 2, 6], group=[[1, 4, 5, 6, 9, 10], [2, 3], [7, 8]]
014 : p=3, g=5, part=[2, 2, 6], group=[[1, 4], [2, 3, 5, 6, 9, 10], [7, 8]]
015 : p=3, g=5, part=[2, 2, 6], group=[[1, 2, 3, 4, 7, 8], [5, 10], [6, 9]]
016 : p=3, g=5, part=[2, 4, 4], group=[[1, 2, 3, 9], [4, 5, 6, 10], [7, 8]]
017 : p=3, g=5, part=[2, 4, 4], group=[[1, 3, 4, 7], [2, 5, 8, 10], [6, 9]]
018 : p=3, g=5, part=[2, 4, 4], group=[[1, 2, 5, 7], [3, 4, 8, 10], [6, 9]]
019 : p=3, g=5, part=[2, 4, 4], group=[[1, 7, 8, 9], [2, 3, 4, 6], [5, 10]]
020 : p=3, g=5, part=[2, 4, 4], group=[[1, 7, 8, 9], [2, 3], [4, 5, 6, 10]]
021 : p=3, g=5, part=[2, 4, 4], group=[[1, 6, 8, 10], [2, 3], [4, 5, 7, 9]]
022 : p=3, g=5, part=[2, 4, 4], group=[[1, 3, 5, 6], [2, 4, 9, 10], [7, 8]]
023 : p=3, g=5, part=[2, 4, 4], group=[[1, 4], [2, 5, 8, 10], [3, 6, 7, 9]]
024 : p=3, g=5, part=[2, 4, 4], group=[[1, 2, 3, 9], [4, 6, 7, 8], [5, 10]]
025 : p=3, g=5, part=[2, 4, 4], group=[[1, 4], [2, 6, 7, 10], [3, 5, 8, 9]]
026 : p=3, g=5, part=[2, 4, 4], group=[[1, 4], [2, 6, 8, 9], [3, 5, 7, 10]]
027 : p=3, g=5, part=[2, 4, 4], group=[[1, 5, 9, 10], [2, 3, 4, 6], [7, 8]]
028 : p=3, g=5, part=[2, 4, 4], group=[[1, 5, 9, 10], [2, 3], [4, 6, 7, 8]]
029 : p=3, g=5, part=[2, 4, 4], group=[[1, 3, 4, 7], [2, 6, 8, 9], [5, 10]]
030 : p=3, g=5, part=[2, 4, 4], group=[[1, 2, 4, 8], [3, 5, 7, 10], [6, 9]]
031 : p=3, g=5, part=[2, 4, 4], group=[[1, 2, 4, 8], [3, 6, 7, 9], [5, 10]]
032 : p=1, g=5, part=[10], group=[[1, 2, 3, 4, 5, 6, 7, 8, 9, 10]]
001 : p=5, g=7, part=[2, 2, 2, 2, 2], group=[[1, 6], [2, 5], [3, 4], [7, 10], [8, 9]]
002 : p=5, g=9, part=[2, 2, 2, 2, 2], group=[[1, 8], [2, 7], [3, 6], [4, 5], [9, 10]]
003 : p=5, g=1, part=[2, 2, 2, 2, 2], group=[[1, 10], [2, 9], [3, 8], [4, 7], [5, 6]]
004 : p=5, g=5, part=[2, 2, 2, 2, 2], group=[[1, 4], [2, 3], [5, 10], [6, 9], [7, 8]]
005 : p=5, g=3, part=[2, 2, 2, 2, 2], group=[[1, 2], [3, 10], [4, 9], [5, 8], [6, 7]]
006 : p=3, g=5, part=[2, 2, 6], group=[[1, 2, 3, 4, 5, 10], [6, 9], [7, 8]]
007 : p=3, g=5, part=[2, 2, 6], group=[[1, 4, 5, 7, 8, 10], [2, 3], [6, 9]]
008 : p=3, g=5, part=[2, 2, 6], group=[[1, 4], [2, 3], [5, 6, 7, 8, 9, 10]]
009 : p=3, g=5, part=[2, 2, 6], group=[[1, 4, 6, 7, 8, 9], [2, 3], [5, 10]]
010 : p=3, g=5, part=[2, 2, 6], group=[[1, 2, 3, 4, 6, 9], [5, 10], [7, 8]]
011 : p=3, g=5, part=[2, 2, 6], group=[[1, 4], [2, 3, 5, 7, 8, 10], [6, 9]]
012 : p=3, g=5, part=[2, 2, 6], group=[[1, 4], [2, 3, 6, 7, 8, 9], [5, 10]]
013 : p=3, g=5, part=[2, 2, 6], group=[[1, 4, 5, 6, 9, 10], [2, 3], [7, 8]]
014 : p=3, g=5, part=[2, 2, 6], group=[[1, 4], [2, 3, 5, 6, 9, 10], [7, 8]]
015 : p=3, g=5, part=[2, 2, 6], group=[[1, 2, 3, 4, 7, 8], [5, 10], [6, 9]]
016 : p=3, g=5, part=[2, 4, 4], group=[[1, 2, 3, 9], [4, 5, 6, 10], [7, 8]]
017 : p=3, g=5, part=[2, 4, 4], group=[[1, 3, 4, 7], [2, 5, 8, 10], [6, 9]]
018 : p=3, g=5, part=[2, 4, 4], group=[[1, 2, 5, 7], [3, 4, 8, 10], [6, 9]]
019 : p=3, g=5, part=[2, 4, 4], group=[[1, 7, 8, 9], [2, 3, 4, 6], [5, 10]]
020 : p=3, g=5, part=[2, 4, 4], group=[[1, 7, 8, 9], [2, 3], [4, 5, 6, 10]]
021 : p=3, g=5, part=[2, 4, 4], group=[[1, 6, 8, 10], [2, 3], [4, 5, 7, 9]]
022 : p=3, g=5, part=[2, 4, 4], group=[[1, 3, 5, 6], [2, 4, 9, 10], [7, 8]]
023 : p=3, g=5, part=[2, 4, 4], group=[[1, 4], [2, 5, 8, 10], [3, 6, 7, 9]]
024 : p=3, g=5, part=[2, 4, 4], group=[[1, 2, 3, 9], [4, 6, 7, 8], [5, 10]]
025 : p=3, g=5, part=[2, 4, 4], group=[[1, 4], [2, 6, 7, 10], [3, 5, 8, 9]]
026 : p=3, g=5, part=[2, 4, 4], group=[[1, 4], [2, 6, 8, 9], [3, 5, 7, 10]]
027 : p=3, g=5, part=[2, 4, 4], group=[[1, 5, 9, 10], [2, 3, 4, 6], [7, 8]]
028 : p=3, g=5, part=[2, 4, 4], group=[[1, 5, 9, 10], [2, 3], [4, 6, 7, 8]]
029 : p=3, g=5, part=[2, 4, 4], group=[[1, 3, 4, 7], [2, 6, 8, 9], [5, 10]]
030 : p=3, g=5, part=[2, 4, 4], group=[[1, 2, 4, 8], [3, 5, 7, 10], [6, 9]]
031 : p=3, g=5, part=[2, 4, 4], group=[[1, 2, 4, 8], [3, 6, 7, 9], [5, 10]]
032 : p=1, g=5, part=[10], group=[[1, 2, 3, 4, 5, 6, 7, 8, 9, 10]]
001 : p=5, g=7, part=[2, 2, 2, 2, 2], group=[[1, 6], [2, 5], [3, 4], [7, 10], [8, 9]]
002 : p=5, g=9, part=[2, 2, 2, 2, 2], group=[[1, 8], [2, 7], [3, 6], [4, 5], [9, 10]]
003 : p=5, g=1, part=[2, 2, 2, 2, 2], group=[[1, 10], [2, 9], [3, 8], [4, 7], [5, 6]]
004 : p=5, g=5, part=[2, 2, 2, 2, 2], group=[[1, 4], [2, 3], [5, 10], [6, 9], [7, 8]]
005 : p=5, g=3, part=[2, 2, 2, 2, 2], group=[[1, 2], [3, 10], [4, 9], [5, 8], [6, 7]]
006 : p=3, g=5, part=[2, 2, 6], group=[[1, 2, 3, 4, 5, 10], [6, 9], [7, 8]]
007 : p=3, g=5, part=[2, 2, 6], group=[[1, 4, 5, 7, 8, 10], [2, 3], [6, 9]]
008 : p=3, g=5, part=[2, 2, 6], group=[[1, 4], [2, 3], [5, 6, 7, 8, 9, 10]]
009 : p=3, g=5, part=[2, 2, 6], group=[[1, 4, 6, 7, 8, 9], [2, 3], [5, 10]]
010 : p=3, g=5, part=[2, 2, 6], group=[[1, 2, 3, 4, 6, 9], [5, 10], [7, 8]]
011 : p=3, g=5, part=[2, 2, 6], group=[[1, 4], [2, 3, 5, 7, 8, 10], [6, 9]]
012 : p=3, g=5, part=[2, 2, 6], group=[[1, 4], [2, 3, 6, 7, 8, 9], [5, 10]]
013 : p=3, g=5, part=[2, 2, 6], group=[[1, 4, 5, 6, 9, 10], [2, 3], [7, 8]]
014 : p=3, g=5, part=[2, 2, 6], group=[[1, 4], [2, 3, 5, 6, 9, 10], [7, 8]]
015 : p=3, g=5, part=[2, 2, 6], group=[[1, 2, 3, 4, 7, 8], [5, 10], [6, 9]]
016 : p=3, g=5, part=[2, 4, 4], group=[[1, 2, 3, 9], [4, 5, 6, 10], [7, 8]]
017 : p=3, g=5, part=[2, 4, 4], group=[[1, 3, 4, 7], [2, 5, 8, 10], [6, 9]]
018 : p=3, g=5, part=[2, 4, 4], group=[[1, 2, 5, 7], [3, 4, 8, 10], [6, 9]]
019 : p=3, g=5, part=[2, 4, 4], group=[[1, 7, 8, 9], [2, 3, 4, 6], [5, 10]]
020 : p=3, g=5, part=[2, 4, 4], group=[[1, 7, 8, 9], [2, 3], [4, 5, 6, 10]]
021 : p=3, g=5, part=[2, 4, 4], group=[[1, 6, 8, 10], [2, 3], [4, 5, 7, 9]]
022 : p=3, g=5, part=[2, 4, 4], group=[[1, 3, 5, 6], [2, 4, 9, 10], [7, 8]]
023 : p=3, g=5, part=[2, 4, 4], group=[[1, 4], [2, 5, 8, 10], [3, 6, 7, 9]]
024 : p=3, g=5, part=[2, 4, 4], group=[[1, 2, 3, 9], [4, 6, 7, 8], [5, 10]]
025 : p=3, g=5, part=[2, 4, 4], group=[[1, 4], [2, 6, 7, 10], [3, 5, 8, 9]]
026 : p=3, g=5, part=[2, 4, 4], group=[[1, 4], [2, 6, 8, 9], [3, 5, 7, 10]]
027 : p=3, g=5, part=[2, 4, 4], group=[[1, 5, 9, 10], [2, 3, 4, 6], [7, 8]]
028 : p=3, g=5, part=[2, 4, 4], group=[[1, 5, 9, 10], [2, 3], [4, 6, 7, 8]]
029 : p=3, g=5, part=[2, 4, 4], group=[[1, 3, 4, 7], [2, 6, 8, 9], [5, 10]]
030 : p=3, g=5, part=[2, 4, 4], group=[[1, 2, 4, 8], [3, 5, 7, 10], [6, 9]]
031 : p=3, g=5, part=[2, 4, 4], group=[[1, 2, 4, 8], [3, 6, 7, 9], [5, 10]]
032 : p=1, g=5, part=[10], group=[[1, 2, 3, 4, 5, 6, 7, 8, 9, 10]]
