n:12 p:6 part:[2, 2, 2, 2, 2, 2] csp:[[1, 12], [2, 11], [3, 10], [4, 9], [5, 8], [6, 7]] sum:1
n:12 p:6 part:[2, 2, 2, 2, 2, 2] csp:[[1, 2], [3, 12], [4, 11], [5, 10], [6, 9], [7, 8]] sum:3
n:12 p:6 part:[2, 2, 2, 2, 2, 2] csp:[[1, 4], [1, 4], [5, 12], [6, 11], [7, 10], [8, 9]] sum:5
n:12 p:6 part:[2, 2, 2, 2, 2, 2] csp:[[1, 6], [1, 6], [1, 6], [7, 12], [8, 11], [9, 10]] sum:7
n:12 p:6 part:[2, 2, 2, 2, 2, 2] csp:[[1, 8], [1, 8], [1, 8], [1, 8], [9, 12], [10, 11]] sum:9
n:12 p:6 part:[2, 2, 2, 2, 2, 2] csp:[[1, 10], [1, 10], [1, 10], [1, 10], [1, 10], [11, 12]] sum:11
n:12 p:5 part:[2, 2, 2, 2, 4] csp:[[1, 1, 5, 11], [1, 5], [6, 12], [7, 11], [8, 10]] sum:6
n:12 p:3 part:[2, 2, 8] csp:[[1, 4, 5, 6, 6, 7, 10, 11], [2, 12], [3, 11]] sum:2
n:12 p:3 part:[2, 2, 8] csp:[[1, 2, 3, 8, 9, 10, 10, 11], [6, 12], [7, 11]] sum:6
n:12 p:3 part:[2, 2, 8] csp:[[1, 1, 2, 3, 9, 9, 10, 11], [1, 9], [10, 12]] sum:10
n:12 p:3 part:[2, 4, 6] csp:[[1, 3, 11, 11], [2, 12], [4, 5, 6, 6, 7, 10]] sum:2
n:12 p:3 part:[2, 4, 6] csp:[[1, 7, 11, 11], [2, 3, 8, 9, 10, 10], [6, 12]] sum:6
n:12 p:3 part:[2, 4, 6] csp:[[1, 1, 9, 11], [1, 2, 3, 9, 9, 10], [10, 12]] sum:10
n:12 p:3 part:[4, 4, 4] csp:[[1, 2, 11, 12], [3, 5, 7, 11], [4, 6, 6, 10]] sum:2
n:12 p:3 part:[4, 4, 4] csp:[[1, 6, 11, 12], [2, 7, 10, 11], [3, 8, 9, 10]] sum:6
n:12 p:3 part:[4, 4, 4] csp:[[1, 2, 9, 10], [1, 3, 9, 9], [1, 10, 11, 12]] sum:10
n:12 p:2 part:[2, 10] csp:[[1, 2, 4, 5, 6, 6, 7, 10, 11, 11], [3, 12]] sum:3
n:12 p:2 part:[2, 10] csp:[[1, 2, 3, 4, 8, 9, 10, 10, 11, 11], [9, 12]] sum:9
n:12 p:2 part:[4, 8] csp:[[1, 3, 11, 12], [2, 4, 5, 6, 6, 7, 10, 11]] sum:3
n:12 p:2 part:[4, 8] csp:[[1, 9, 11, 12], [2, 3, 4, 8, 9, 10, 10, 11]] sum:9
n:12 p:2 part:[6, 6] csp:[[1, 2, 3, 10, 11, 12], [4, 5, 6, 6, 7, 11]] sum:3
n:12 p:2 part:[6, 6] csp:[[1, 2, 9, 10, 11, 12], [3, 4, 8, 9, 10, 11]] sum:9
n:12 p:1 part:[12] csp:[[1, 2, 3, 4, 5, 6, 7, 8, 9, 10, 11, 12]] sum:6
