n:14 p:7 part:[2, 2, 2, 2, 2, 2, 2] csp:[[1, 14], [2, 13], [3, 12], [4, 11], [5, 10], [6, 9], [7, 8]] sum:1
n:14 p:7 part:[2, 2, 2, 2, 2, 2, 2] csp:[[1, 2], [3, 14], [4, 13], [5, 12], [6, 11], [7, 10], [8, 9]] sum:3
n:14 p:7 part:[2, 2, 2, 2, 2, 2, 2] csp:[[1, 4], [1, 4], [5, 14], [6, 13], [7, 12], [8, 11], [9, 10]] sum:5
n:14 p:7 part:[2, 2, 2, 2, 2, 2, 2] csp:[[1, 6], [1, 6], [1, 6], [7, 14], [8, 13], [9, 12], [10, 11]] sum:7
n:14 p:7 part:[2, 2, 2, 2, 2, 2, 2] csp:[[1, 8], [1, 8], [1, 8], [1, 8], [9, 14], [10, 13], [11, 12]] sum:9
n:14 p:7 part:[2, 2, 2, 2, 2, 2, 2] csp:[[1, 10], [1, 10], [1, 10], [1, 10], [1, 10], [11, 14], [12, 13]] sum:11
n:14 p:7 part:[2, 2, 2, 2, 2, 2, 2] csp:[[1, 12], [1, 12], [1, 12], [1, 12], [1, 12], [1, 12], [13, 14]] sum:13
n:14 p:5 part:[2, 2, 2, 2, 6] csp:[[1, 1, 2, 6, 12, 13], [7, 14], [8, 13], [9, 12], [10, 11]] sum:7
n:14 p:5 part:[2, 2, 2, 4, 4] csp:[[1, 2, 6, 12], [1, 10, 11, 13], [7, 14], [8, 13], [9, 12]] sum:7
n:14 p:3 part:[2, 2, 10] csp:[[1, 2, 3, 4, 9, 10, 11, 12, 12, 13], [7, 14], [8, 13]] sum:7
n:14 p:3 part:[2, 4, 8] csp:[[1, 8, 13, 13], [2, 3, 4, 9, 10, 11, 12, 12], [7, 14]] sum:7
n:14 p:3 part:[2, 6, 6] csp:[[1, 2, 8, 12, 13, 13], [3, 4, 9, 10, 11, 12], [7, 14]] sum:7
n:14 p:3 part:[4, 4, 6] csp:[[1, 7, 13, 14], [2, 8, 12, 13], [3, 4, 9, 10, 11, 12]] sum:7
n:14 p:1 part:[14] csp:[[1, 2, 3, 4, 5, 6, 7, 8, 9, 10, 11, 12, 13, 14]] sum:7
