Generating partitions.
---------------------------------------------------------------------------------------------------------
n:16 p:8 g:1 part:[[1, 16], [2, 15], [3, 14], [4, 13], [5, 12], [6, 11], [7, 10], [8, 9]]
n:16 p:8 g:3 part:[[3, 16], [4, 15], [5, 14], [6, 13], [7, 12], [8, 11], [9, 10], [1, 2]]
n:16 p:8 g:5 part:[[5, 16], [6, 15], [7, 14], [8, 13], [9, 12], [10, 11], [1, 4], [2, 3]]
n:16 p:8 g:7 part:[[7, 16], [8, 15], [9, 14], [10, 13], [11, 12], [1, 6], [2, 5], [3, 4]]
n:16 p:8 g:9 part:[[9, 16], [10, 15], [11, 14], [12, 13], [1, 8], [2, 7], [3, 6], [4, 5]]
n:16 p:8 g:11 part:[[11, 16], [12, 15], [13, 14], [1, 10], [2, 9], [3, 8], [4, 7], [5, 6]]
n:16 p:8 g:13 part:[[13, 16], [14, 15], [1, 12], [2, 11], [3, 10], [4, 9], [5, 8], [6, 7]]
n:16 p:8 g:15 part:[[15, 16], [1, 14], [2, 13], [3, 12], [4, 11], [5, 10], [6, 9], [7, 8]]
n:16 p:7 g:8 part:[[8, 16], [9, 15], [10, 14], [11, 13], [1, 7], [2, 6], [3, 4, 5, 12]]
n:16 p:6 g:4 part:[[4, 16], [5, 15], [6, 14], [7, 13], [8, 12], [1, 2, 3, 9, 10, 11]]
n:16 p:6 g:12 part:[[12, 16], [13, 15], [1, 11], [2, 10], [3, 9], [4, 5, 6, 7, 8, 14]]
n:16 p:6 g:4 part:[[4, 16], [5, 15], [6, 14], [7, 13], [8, 12], [1, 2, 3, 9, 10, 11]]
n:16 p:6 g:12 part:[[12, 16], [13, 15], [1, 11], [2, 10], [3, 9], [4, 5, 6, 7, 8, 14]]
n:16 p:5 g:8 part:[[8, 16], [9, 15], [10, 14], [11, 13], [1, 2, 3, 4, 5, 6, 7, 12]]
n:16 p:5 g:8 part:[[8, 16], [9, 15], [10, 14], [4, 11, 12, 13], [1, 2, 3, 5, 6, 7]]
n:16 p:5 g:8 part:[[8, 16], [9, 15], [11, 13], [4, 10, 12, 14], [1, 2, 3, 5, 6, 7]]
n:16 p:4 g:2 part:[[2, 16], [3, 15], [4, 14], [1, 5, 6, 7, 8, 9, 10, 11, 12, 13]]
n:16 p:4 g:6 part:[[6, 16], [7, 15], [8, 14], [1, 2, 3, 4, 5, 9, 10, 11, 12, 13]]
n:16 p:4 g:10 part:[[10, 16], [11, 15], [12, 14], [1, 2, 3, 4, 5, 6, 7, 8, 9, 13]]
n:16 p:4 g:14 part:[[14, 16], [1, 13], [2, 12], [3, 4, 5, 6, 7, 8, 9, 10, 11, 15]]
n:16 p:4 g:2 part:[[2, 16], [3, 15], [4, 6, 10, 14], [1, 5, 7, 8, 9, 11, 12, 13]]
n:16 p:4 g:6 part:[[6, 16], [7, 15], [4, 8, 12, 14], [1, 2, 3, 5, 9, 10, 11, 13]]
n:16 p:4 g:10 part:[[10, 16], [11, 15], [3, 12, 13, 14], [1, 2, 4, 5, 6, 7, 8, 9]]
n:16 p:4 g:14 part:[[14, 16], [1, 13], [2, 6, 10, 12], [3, 4, 5, 7, 8, 9, 11, 15]]
n:16 p:4 g:2 part:[[2, 16], [3, 15], [4, 6, 7, 9, 10, 14], [1, 5, 8, 11, 12, 13]]
n:16 p:4 g:6 part:[[6, 16], [7, 15], [4, 5, 8, 11, 12, 14], [1, 2, 3, 9, 10, 13]]
n:16 p:4 g:10 part:[[10, 16], [11, 15], [3, 12, 13, 14], [1, 2, 4, 5, 6, 7, 8, 9]]
n:16 p:4 g:14 part:[[14, 16], [1, 13], [2, 6, 7, 9, 10, 12], [3, 4, 5, 8, 11, 15]]
n:16 p:4 g:2 part:[[2, 16], [3, 6, 10, 15], [4, 7, 9, 14], [1, 5, 8, 11, 12, 13]]
n:16 p:4 g:6 part:[[6, 16], [4, 7, 12, 15], [5, 8, 11, 14], [1, 2, 3, 9, 10, 13]]
n:16 p:4 g:10 part:[[10, 16], [12, 14], [3, 11, 13, 15], [1, 2, 4, 5, 6, 7, 8, 9]]
n:16 p:4 g:14 part:[[14, 16], [1, 6, 10, 13], [2, 7, 9, 12], [3, 4, 5, 8, 11, 15]]
n:16 p:4 g:2 part:[[4, 14], [2, 6, 10, 16], [3, 7, 9, 15], [1, 5, 8, 11, 12, 13]]
n:16 p:4 g:6 part:[[8, 14], [4, 6, 12, 16], [5, 7, 11, 15], [1, 2, 3, 9, 10, 13]]
n:16 p:4 g:10 part:[[11, 15], [12, 14], [3, 10, 13, 16], [1, 2, 4, 5, 6, 7, 8, 9]]
n:16 p:4 g:14 part:[[2, 12], [6, 10, 14, 16], [1, 7, 9, 13], [3, 4, 5, 8, 11, 15]]
n:16 p:3 g:8 part:[[8, 16], [9, 15], [1, 2, 3, 4, 5, 6, 7, 10, 11, 12, 13, 14]]
n:16 p:3 g:8 part:[[8, 16], [3, 9, 13, 15], [1, 2, 4, 5, 6, 7, 10, 11, 12, 14]]
n:16 p:3 g:8 part:[[8, 16], [3, 5, 9, 11, 13, 15], [1, 2, 4, 6, 7, 10, 12, 14]]
n:16 p:3 g:8 part:[[3, 8, 13, 16], [4, 9, 12, 15], [1, 2, 5, 6, 7, 10, 11, 14]]
n:16 p:3 g:8 part:[[3, 8, 13, 16], [4, 5, 9, 11, 12, 15], [1, 2, 6, 7, 10, 14]]
n:16 p:2 g:4 part:[[4, 16], [1, 2, 3, 5, 6, 7, 8, 9, 10, 11, 12, 13, 14, 15]]
n:16 p:2 g:12 part:[[12, 16], [1, 2, 3, 4, 5, 6, 7, 8, 9, 10, 11, 13, 14, 15]]
n:16 p:2 g:4 part:[[2, 4, 14, 16], [1, 3, 5, 6, 7, 8, 9, 10, 11, 12, 13, 15]]
n:16 p:2 g:12 part:[[2, 12, 14, 16], [1, 3, 4, 5, 6, 7, 8, 9, 10, 11, 13, 15]]
n:16 p:2 g:4 part:[[2, 4, 6, 10, 14, 16], [1, 3, 5, 7, 8, 9, 11, 12, 13, 15]]
n:16 p:2 g:12 part:[[2, 5, 11, 12, 14, 16], [1, 3, 4, 6, 7, 8, 9, 10, 13, 15]]
n:16 p:2 g:4 part:[[2, 4, 6, 7, 9, 10, 14, 16], [1, 3, 5, 8, 11, 12, 13, 15]]
n:16 p:2 g:12 part:[[2, 5, 7, 9, 11, 12, 14, 16], [1, 3, 4, 6, 8, 10, 13, 15]]
n:16 p:1 g:8 part:[[1, 2, 3, 4, 5, 6, 7, 8, 9, 10, 11, 12, 13, 14, 15, 16]]
