Generating partitions.
---------------------------------------------------------------------------------------------------------
n:18 p:9 g:1 part:[[1, 18], [2, 17], [3, 16], [4, 15], [5, 14], [6, 13], [7, 12], [8, 11], [9, 10]]
n:18 p:9 g:3 part:[[3, 18], [4, 17], [5, 16], [6, 15], [7, 14], [8, 13], [9, 12], [10, 11], [1, 2]]
n:18 p:9 g:5 part:[[5, 18], [6, 17], [7, 16], [8, 15], [9, 14], [10, 13], [11, 12], [1, 4], [2, 3]]
n:18 p:9 g:7 part:[[7, 18], [8, 17], [9, 16], [10, 15], [11, 14], [12, 13], [1, 6], [2, 5], [3, 4]]
n:18 p:9 g:9 part:[[9, 18], [10, 17], [11, 16], [12, 15], [13, 14], [1, 8], [2, 7], [3, 6], [4, 5]]
n:18 p:9 g:11 part:[[11, 18], [12, 17], [13, 16], [14, 15], [1, 10], [2, 9], [3, 8], [4, 7], [5, 6]]
n:18 p:9 g:13 part:[[13, 18], [14, 17], [15, 16], [1, 12], [2, 11], [3, 10], [4, 9], [5, 8], [6, 7]]
n:18 p:9 g:15 part:[[15, 18], [16, 17], [1, 14], [2, 13], [3, 12], [4, 11], [5, 10], [6, 9], [7, 8]]
n:18 p:9 g:17 part:[[17, 18], [1, 16], [2, 15], [3, 14], [4, 13], [5, 12], [6, 11], [7, 10], [8, 9]]
n:18 p:7 g:9 part:[[9, 18], [10, 17], [11, 16], [12, 15], [13, 14], [1, 8], [2, 3, 4, 5, 6, 7]]
n:18 p:7 g:9 part:[[9, 18], [10, 17], [11, 16], [12, 15], [13, 14], [1, 8], [2, 3, 4, 5, 6, 7]]
n:18 p:5 g:9 part:[[9, 18], [10, 17], [11, 16], [12, 15], [1, 2, 3, 4, 5, 6, 7, 8, 13, 14]]
n:18 p:5 g:9 part:[[9, 18], [10, 17], [11, 16], [12, 15], [1, 2, 3, 4, 5, 6, 7, 8, 13, 14]]
n:18 p:5 g:9 part:[[9, 18], [10, 17], [11, 16], [12, 15], [1, 2, 3, 4, 5, 6, 7, 8, 13, 14]]
n:18 p:5 g:9 part:[[9, 18], [10, 17], [11, 16], [12, 15], [1, 2, 3, 4, 5, 6, 7, 8, 13, 14]]
n:18 p:5 g:9 part:[[9, 18], [10, 17], [11, 16], [12, 15], [1, 2, 3, 4, 5, 6, 7, 8, 13, 14]]
n:18 p:3 g:3 part:[[3, 18], [4, 17], [1, 2, 5, 6, 7, 8, 9, 10, 11, 12, 13, 14, 15, 16]]
n:18 p:3 g:9 part:[[9, 18], [10, 17], [1, 2, 3, 4, 5, 6, 7, 8, 11, 12, 13, 14, 15, 16]]
n:18 p:3 g:15 part:[[15, 18], [16, 17], [1, 2, 3, 4, 5, 6, 7, 8, 9, 10, 11, 12, 13, 14]]
n:18 p:3 g:3 part:[[3, 18], [4, 6, 12, 17], [1, 2, 5, 7, 8, 9, 10, 11, 13, 14, 15, 16]]
n:18 p:3 g:9 part:[[9, 18], [3, 10, 15, 17], [1, 2, 4, 5, 6, 7, 8, 11, 12, 13, 14, 16]]
n:18 p:3 g:15 part:[[15, 18], [5, 13, 16, 17], [1, 2, 3, 4, 6, 7, 8, 9, 10, 11, 12, 14]]
n:18 p:3 g:3 part:[[3, 18], [4, 6, 8, 10, 12, 17], [1, 2, 5, 7, 9, 11, 13, 14, 15, 16]]
n:18 p:3 g:9 part:[[9, 18], [3, 5, 10, 13, 15, 17], [1, 2, 4, 6, 7, 8, 11, 12, 14, 16]]
n:18 p:3 g:15 part:[[15, 18], [5, 7, 11, 13, 16, 17], [1, 2, 3, 4, 6, 8, 9, 10, 12, 14]]
n:18 p:3 g:3 part:[[3, 18], [4, 6, 7, 8, 10, 11, 12, 17], [1, 2, 5, 9, 13, 14, 15, 16]]
n:18 p:3 g:9 part:[[9, 18], [3, 5, 6, 10, 12, 13, 15, 17], [1, 2, 4, 7, 8, 11, 14, 16]]
n:18 p:3 g:15 part:[[15, 18], [5, 7, 8, 10, 11, 13, 16, 17], [1, 2, 3, 4, 6, 9, 12, 14]]
n:18 p:3 g:3 part:[[3, 6, 12, 18], [4, 7, 11, 17], [1, 2, 5, 8, 9, 10, 13, 14, 15, 16]]
n:18 p:3 g:9 part:[[3, 9, 15, 18], [4, 10, 14, 17], [1, 2, 5, 6, 7, 8, 11, 12, 13, 16]]
n:18 p:3 g:15 part:[[5, 13, 15, 18], [6, 12, 16, 17], [1, 2, 3, 4, 7, 8, 9, 10, 11, 14]]
n:18 p:3 g:3 part:[[3, 6, 12, 18], [4, 7, 8, 10, 11, 17], [1, 2, 5, 9, 13, 14, 15, 16]]
n:18 p:3 g:9 part:[[3, 9, 15, 18], [4, 6, 10, 12, 14, 17], [1, 2, 5, 7, 8, 11, 13, 16]]
n:18 p:3 g:15 part:[[5, 13, 15, 18], [6, 8, 10, 12, 16, 17], [1, 2, 3, 4, 7, 9, 11, 14]]
n:18 p:3 g:3 part:[[4, 7, 11, 17], [3, 6, 8, 10, 12, 18], [1, 2, 5, 9, 13, 14, 15, 16]]
n:18 p:3 g:9 part:[[3, 5, 9, 13, 15, 18], [4, 6, 10, 12, 14, 17], [1, 2, 7, 8, 11, 16]]
n:18 p:3 g:15 part:[[5, 7, 11, 13, 15, 18], [6, 8, 10, 12, 16, 17], [1, 2, 3, 4, 9, 14]]
n:18 p:1 g:9 part:[[1, 2, 3, 4, 5, 6, 7, 8, 9, 10, 11, 12, 13, 14, 15, 16, 17, 18]]
