n:20 p:10 part:[2, 2, 2, 2, 2, 2, 2, 2, 2, 2] csp:[[1, 20], [2, 19], [3, 18], [4, 17], [5, 16], [6, 15], [7, 14], [8, 13], [9, 12], [10, 11]] sum:1
n:20 p:10 part:[2, 2, 2, 2, 2, 2, 2, 2, 2, 2] csp:[[1, 2], [3, 20], [4, 19], [5, 18], [6, 17], [7, 16], [8, 15], [9, 14], [10, 13], [11, 12]] sum:3
n:20 p:10 part:[2, 2, 2, 2, 2, 2, 2, 2, 2, 2] csp:[[1, 4], [1, 4], [5, 20], [6, 19], [7, 18], [8, 17], [9, 16], [10, 15], [11, 14], [12, 13]] sum:5
n:20 p:10 part:[2, 2, 2, 2, 2, 2, 2, 2, 2, 2] csp:[[1, 6], [1, 6], [1, 6], [7, 20], [8, 19], [9, 18], [10, 17], [11, 16], [12, 15], [13, 14]] sum:7
n:20 p:10 part:[2, 2, 2, 2, 2, 2, 2, 2, 2, 2] csp:[[1, 8], [1, 8], [1, 8], [1, 8], [9, 20], [10, 19], [11, 18], [12, 17], [13, 16], [14, 15]] sum:9
n:20 p:10 part:[2, 2, 2, 2, 2, 2, 2, 2, 2, 2] csp:[[1, 10], [1, 10], [1, 10], [1, 10], [1, 10], [11, 20], [12, 19], [13, 18], [14, 17], [15, 16]] sum:11
n:20 p:10 part:[2, 2, 2, 2, 2, 2, 2, 2, 2, 2] csp:[[1, 12], [1, 12], [1, 12], [1, 12], [1, 12], [1, 12], [13, 20], [14, 19], [15, 18], [16, 17]] sum:13
n:20 p:10 part:[2, 2, 2, 2, 2, 2, 2, 2, 2, 2] csp:[[1, 14], [1, 14], [1, 14], [1, 14], [1, 14], [1, 14], [1, 14], [15, 20], [16, 19], [17, 18]] sum:15
n:20 p:10 part:[2, 2, 2, 2, 2, 2, 2, 2, 2, 2] csp:[[1, 16], [1, 16], [1, 16], [1, 16], [1, 16], [1, 16], [1, 16], [1, 16], [17, 20], [18, 19]] sum:17
n:20 p:10 part:[2, 2, 2, 2, 2, 2, 2, 2, 2, 2] csp:[[1, 18], [1, 18], [1, 18], [1, 18], [1, 18], [1, 18], [1, 18], [1, 18], [1, 18], [19, 20]] sum:19
n:20 p:9 part:[2, 2, 2, 2, 2, 2, 2, 2, 4] csp:[[1, 1, 9, 19], [1, 9], [1, 9], [1, 9], [10, 20], [11, 19], [12, 18], [13, 17], [14, 16]] sum:10
n:20 p:7 part:[2, 2, 2, 2, 2, 2, 8] csp:[[1, 1, 2, 3, 9, 17, 18, 19], [1, 9], [10, 20], [11, 19], [12, 18], [13, 17], [14, 16]] sum:10
n:20 p:7 part:[2, 2, 2, 2, 2, 4, 6] csp:[[1, 1, 9, 19], [1, 2, 3, 9, 17, 18], [10, 20], [11, 19], [12, 18], [13, 17], [14, 16]] sum:10
n:20 p:7 part:[2, 2, 2, 2, 4, 4, 4] csp:[[1, 2, 9, 18], [1, 3, 9, 17], [1, 14, 16, 19], [10, 20], [11, 19], [12, 18], [13, 17]] sum:10
n:20 p:6 part:[2, 2, 2, 2, 2, 10] csp:[[1, 2, 3, 4, 10, 15, 16, 17, 18, 19], [5, 20], [6, 19], [7, 18], [8, 17], [9, 16]] sum:5
n:20 p:6 part:[2, 2, 2, 2, 2, 10] csp:[[1, 1, 2, 3, 4, 14, 16, 17, 18, 19], [1, 14], [1, 14], [15, 20], [16, 19], [17, 18]] sum:15
n:20 p:6 part:[2, 2, 2, 2, 4, 8] csp:[[1, 9, 16, 19], [2, 3, 4, 10, 15, 16, 17, 18], [5, 20], [6, 19], [7, 18], [8, 17]] sum:5
n:20 p:6 part:[2, 2, 2, 2, 4, 8] csp:[[1, 1, 14, 19], [1, 2, 3, 4, 14, 16, 17, 18], [1, 14], [15, 20], [16, 19], [17, 18]] sum:15
n:20 p:6 part:[2, 2, 2, 2, 6, 6] csp:[[1, 2, 9, 16, 18, 19], [3, 4, 10, 15, 16, 17], [5, 20], [6, 19], [7, 18], [8, 17]] sum:5
n:20 p:6 part:[2, 2, 2, 2, 6, 6] csp:[[1, 1, 2, 14, 18, 19], [1, 3, 4, 14, 16, 17], [1, 14], [15, 20], [16, 19], [17, 18]] sum:15
n:20 p:6 part:[2, 2, 2, 4, 4, 6] csp:[[1, 8, 17, 19], [2, 9, 16, 18], [3, 4, 10, 15, 16, 17], [5, 20], [6, 19], [7, 18]] sum:5
n:20 p:6 part:[2, 2, 2, 4, 4, 6] csp:[[1, 1, 14, 19], [1, 2, 14, 18], [1, 3, 4, 14, 16, 17], [15, 20], [16, 19], [17, 18]] sum:15
n:20 p:6 part:[2, 2, 4, 4, 4, 4] csp:[[1, 7, 18, 19], [2, 8, 17, 18], [3, 9, 16, 17], [4, 10, 15, 16], [5, 20], [6, 19]] sum:5
n:20 p:6 part:[2, 2, 4, 4, 4, 4] csp:[[1, 2, 14, 18], [1, 3, 14, 17], [1, 4, 14, 16], [1, 17, 18, 19], [15, 20], [16, 19]] sum:15
n:20 p:5 part:[2, 2, 2, 2, 12] csp:[[1, 6, 7, 8, 9, 10, 10, 11, 12, 13, 16, 19], [2, 20], [3, 19], [4, 18], [5, 17]] sum:2
n:20 p:5 part:[2, 2, 2, 2, 12] csp:[[1, 2, 3, 4, 5, 10, 15, 16, 16, 17, 18, 19], [6, 20], [7, 19], [8, 18], [9, 17]] sum:6
n:20 p:5 part:[2, 2, 2, 2, 12] csp:[[1, 2, 3, 4, 5, 14, 15, 16, 16, 17, 18, 19], [10, 20], [11, 19], [12, 18], [13, 17]] sum:10
n:20 p:5 part:[2, 2, 2, 2, 12] csp:[[1, 1, 2, 3, 4, 5, 13, 15, 16, 17, 18, 19], [1, 13], [14, 20], [15, 19], [16, 18]] sum:14
n:20 p:5 part:[2, 2, 2, 2, 12] csp:[[1, 1, 2, 3, 4, 5, 15, 16, 17, 17, 18, 19], [1, 17], [1, 17], [1, 17], [18, 20]] sum:18
n:20 p:5 part:[2, 2, 2, 4, 10] csp:[[1, 5, 17, 19], [2, 20], [3, 19], [4, 18], [6, 7, 8, 9, 10, 10, 11, 12, 13, 16]] sum:2
n:20 p:5 part:[2, 2, 2, 4, 10] csp:[[1, 9, 17, 19], [2, 3, 4, 5, 10, 15, 16, 16, 17, 18], [6, 20], [7, 19], [8, 18]] sum:6
n:20 p:5 part:[2, 2, 2, 4, 10] csp:[[1, 13, 17, 19], [2, 3, 4, 5, 14, 15, 16, 16, 17, 18], [10, 20], [11, 19], [12, 18]] sum:10
n:20 p:5 part:[2, 2, 2, 4, 10] csp:[[1, 1, 13, 19], [1, 2, 3, 4, 5, 13, 15, 16, 17, 18], [14, 20], [15, 19], [16, 18]] sum:14
n:20 p:5 part:[2, 2, 2, 4, 10] csp:[[1, 1, 17, 19], [1, 2, 3, 4, 5, 15, 16, 17, 17, 18], [1, 17], [1, 17], [18, 20]] sum:18
n:20 p:5 part:[2, 2, 2, 6, 8] csp:[[1, 5, 7, 13, 17, 19], [2, 20], [3, 19], [4, 18], [6, 8, 9, 10, 10, 11, 12, 16]] sum:2
n:20 p:5 part:[2, 2, 2, 6, 8] csp:[[1, 2, 9, 17, 18, 19], [3, 4, 5, 10, 15, 16, 16, 17], [6, 20], [7, 19], [8, 18]] sum:6
n:20 p:5 part:[2, 2, 2, 6, 8] csp:[[1, 2, 13, 17, 18, 19], [3, 4, 5, 14, 15, 16, 16, 17], [10, 20], [11, 19], [12, 18]] sum:10
n:20 p:5 part:[2, 2, 2, 6, 8] csp:[[1, 1, 2, 13, 18, 19], [1, 3, 4, 5, 13, 15, 16, 17], [14, 20], [15, 19], [16, 18]] sum:14
n:20 p:5 part:[2, 2, 2, 6, 8] csp:[[1, 1, 2, 17, 18, 19], [1, 3, 4, 5, 15, 16, 17, 17], [1, 17], [1, 17], [18, 20]] sum:18
n:20 p:5 part:[2, 2, 4, 4, 8] csp:[[1, 4, 18, 19], [2, 20], [3, 19], [5, 7, 13, 17], [6, 8, 9, 10, 10, 11, 12, 16]] sum:2
n:20 p:5 part:[2, 2, 4, 4, 8] csp:[[1, 8, 18, 19], [2, 9, 17, 18], [3, 4, 5, 10, 15, 16, 16, 17], [6, 20], [7, 19]] sum:6
n:20 p:5 part:[2, 2, 4, 4, 8] csp:[[1, 12, 18, 19], [2, 13, 17, 18], [3, 4, 5, 14, 15, 16, 16, 17], [10, 20], [11, 19]] sum:10
n:20 p:5 part:[2, 2, 4, 4, 8] csp:[[1, 2, 13, 18], [1, 3, 4, 5, 13, 15, 16, 17], [1, 16, 18, 19], [14, 20], [15, 19]] sum:14
n:20 p:5 part:[2, 2, 4, 4, 8] csp:[[1, 1, 17, 19], [1, 2, 17, 18], [1, 3, 4, 5, 15, 16, 17, 17], [1, 17], [18, 20]] sum:18
n:20 p:5 part:[2, 2, 4, 6, 6] csp:[[1, 4, 18, 19], [2, 20], [3, 19], [5, 7, 8, 12, 13, 17], [6, 9, 10, 10, 11, 16]] sum:2
n:20 p:5 part:[2, 2, 4, 6, 6] csp:[[1, 8, 18, 19], [2, 3, 9, 17, 17, 18], [4, 5, 10, 15, 16, 16], [6, 20], [7, 19]] sum:6
n:20 p:5 part:[2, 2, 4, 6, 6] csp:[[1, 12, 18, 19], [2, 3, 13, 17, 17, 18], [4, 5, 14, 15, 16, 16], [10, 20], [11, 19]] sum:10
n:20 p:5 part:[2, 2, 4, 6, 6] csp:[[1, 2, 3, 13, 17, 18], [1, 4, 5, 13, 15, 16], [1, 16, 18, 19], [14, 20], [15, 19]] sum:14
n:20 p:5 part:[2, 2, 4, 6, 6] csp:[[1, 1, 17, 19], [1, 2, 3, 17, 17, 18], [1, 4, 5, 15, 16, 17], [1, 17], [18, 20]] sum:18
n:20 p:5 part:[2, 4, 4, 4, 6] csp:[[1, 3, 19, 19], [2, 20], [4, 7, 13, 18], [5, 8, 12, 17], [6, 9, 10, 10, 11, 16]] sum:2
n:20 p:5 part:[2, 4, 4, 4, 6] csp:[[1, 7, 19, 19], [2, 8, 18, 18], [3, 9, 17, 17], [4, 5, 10, 15, 16, 16], [6, 20]] sum:6
n:20 p:5 part:[2, 4, 4, 4, 6] csp:[[1, 11, 19, 19], [2, 12, 18, 18], [3, 13, 17, 17], [4, 5, 14, 15, 16, 16], [10, 20]] sum:10
n:20 p:5 part:[2, 4, 4, 4, 6] csp:[[1, 3, 13, 17], [1, 4, 5, 13, 15, 16], [1, 15, 19, 19], [2, 16, 18, 18], [14, 20]] sum:14
n:20 p:5 part:[2, 4, 4, 4, 6] csp:[[1, 1, 17, 19], [1, 2, 17, 18], [1, 3, 17, 17], [1, 4, 5, 15, 16, 17], [18, 20]] sum:18
n:20 p:5 part:[4, 4, 4, 4, 4] csp:[[1, 2, 19, 20], [3, 7, 13, 19], [4, 8, 12, 18], [5, 9, 11, 17], [6, 10, 10, 16]] sum:2
n:20 p:5 part:[4, 4, 4, 4, 4] csp:[[1, 6, 19, 20], [2, 7, 18, 19], [3, 8, 17, 18], [4, 9, 16, 17], [5, 10, 15, 16]] sum:6
n:20 p:5 part:[4, 4, 4, 4, 4] csp:[[1, 10, 19, 20], [2, 11, 18, 19], [3, 12, 17, 18], [4, 13, 16, 17], [5, 14, 15, 16]] sum:10
n:20 p:5 part:[4, 4, 4, 4, 4] csp:[[1, 4, 13, 16], [1, 5, 13, 15], [1, 14, 19, 20], [2, 15, 18, 19], [3, 16, 17, 18]] sum:14
n:20 p:5 part:[4, 4, 4, 4, 4] csp:[[1, 2, 17, 18], [1, 3, 17, 17], [1, 4, 16, 17], [1, 5, 15, 17], [1, 18, 19, 20]] sum:18
n:20 p:3 part:[2, 2, 16] csp:[[1, 2, 3, 4, 5, 6, 7, 12, 13, 14, 15, 16, 17, 18, 18, 19], [10, 20], [11, 19]] sum:10
n:20 p:3 part:[2, 4, 14] csp:[[1, 11, 19, 19], [2, 3, 4, 5, 6, 7, 12, 13, 14, 15, 16, 17, 18, 18], [10, 20]] sum:10
n:20 p:3 part:[2, 6, 12] csp:[[1, 2, 11, 18, 19, 19], [3, 4, 5, 6, 7, 12, 13, 14, 15, 16, 17, 18], [10, 20]] sum:10
n:20 p:3 part:[2, 8, 10] csp:[[1, 2, 3, 11, 17, 18, 19, 19], [4, 5, 6, 7, 12, 13, 14, 15, 16, 18], [10, 20]] sum:10
n:20 p:3 part:[4, 4, 12] csp:[[1, 10, 19, 20], [2, 11, 18, 19], [3, 4, 5, 6, 7, 12, 13, 14, 15, 16, 17, 18]] sum:10
n:20 p:3 part:[4, 6, 10] csp:[[1, 10, 19, 20], [2, 3, 11, 17, 18, 19], [4, 5, 6, 7, 12, 13, 14, 15, 16, 18]] sum:10
n:20 p:3 part:[4, 8, 8] csp:[[1, 10, 19, 20], [2, 3, 4, 11, 16, 17, 18, 19], [5, 6, 7, 12, 13, 14, 15, 18]] sum:10
n:20 p:3 part:[6, 6, 8] csp:[[1, 2, 10, 18, 19, 20], [3, 4, 11, 16, 17, 19], [5, 6, 7, 12, 13, 14, 15, 18]] sum:10
n:20 p:2 part:[2, 18] csp:[[1, 2, 3, 4, 6, 7, 8, 9, 10, 10, 11, 12, 13, 16, 17, 18, 19, 19], [5, 20]] sum:5
n:20 p:2 part:[2, 18] csp:[[1, 2, 3, 4, 5, 6, 7, 8, 12, 13, 14, 15, 16, 16, 17, 18, 19, 19], [15, 20]] sum:15
n:20 p:2 part:[4, 16] csp:[[1, 5, 19, 20], [2, 3, 4, 6, 7, 8, 9, 10, 10, 11, 12, 13, 16, 17, 18, 19]] sum:5
n:20 p:2 part:[4, 16] csp:[[1, 15, 19, 20], [2, 3, 4, 5, 6, 7, 8, 12, 13, 14, 15, 16, 16, 17, 18, 19]] sum:15
n:20 p:2 part:[6, 14] csp:[[1, 2, 5, 18, 19, 20], [3, 4, 6, 7, 8, 9, 10, 10, 11, 12, 13, 16, 17, 19]] sum:5
n:20 p:2 part:[6, 14] csp:[[1, 2, 15, 18, 19, 20], [3, 4, 5, 6, 7, 8, 12, 13, 14, 15, 16, 16, 17, 19]] sum:15
n:20 p:2 part:[8, 12] csp:[[1, 2, 3, 5, 17, 18, 19, 20], [4, 6, 7, 8, 9, 10, 10, 11, 12, 13, 16, 19]] sum:5
n:20 p:2 part:[8, 12] csp:[[1, 2, 3, 15, 17, 18, 19, 20], [4, 5, 6, 7, 8, 12, 13, 14, 15, 16, 16, 19]] sum:15
n:20 p:2 part:[10, 10] csp:[[1, 2, 3, 4, 5, 16, 17, 18, 19, 20], [6, 7, 8, 9, 10, 10, 11, 12, 13, 19]] sum:5
n:20 p:2 part:[10, 10] csp:[[1, 2, 3, 4, 15, 16, 17, 18, 19, 20], [5, 6, 7, 8, 12, 13, 14, 15, 16, 19]] sum:15
n:20 p:1 part:[20] csp:[[1, 2, 3, 4, 5, 6, 7, 8, 9, 10, 11, 12, 13, 14, 15, 16, 17, 18, 19, 20]] sum:10
