Generating partitions.
---------------------------------------------------------------------------------------------------------
n:22 p:11 g:1 part:[[1, 22], [2, 21], [3, 20], [4, 19], [5, 18], [6, 17], [7, 16], [8, 15], [9, 14], [10, 13], [11, 12]]
n:22 p:11 g:3 part:[[3, 22], [4, 21], [5, 20], [6, 19], [7, 18], [8, 17], [9, 16], [10, 15], [11, 14], [12, 13], [1, 2]]
n:22 p:11 g:5 part:[[5, 22], [6, 21], [7, 20], [8, 19], [9, 18], [10, 17], [11, 16], [12, 15], [13, 14], [1, 4], [2, 3]]
n:22 p:11 g:7 part:[[7, 22], [8, 21], [9, 20], [10, 19], [11, 18], [12, 17], [13, 16], [14, 15], [1, 6], [2, 5], [3, 4]]
n:22 p:11 g:9 part:[[9, 22], [10, 21], [11, 20], [12, 19], [13, 18], [14, 17], [15, 16], [1, 8], [2, 7], [3, 6], [4, 5]]
n:22 p:11 g:11 part:[[11, 22], [12, 21], [13, 20], [14, 19], [15, 18], [16, 17], [1, 10], [2, 9], [3, 8], [4, 7], [5, 6]]
n:22 p:11 g:13 part:[[13, 22], [14, 21], [15, 20], [16, 19], [17, 18], [1, 12], [2, 11], [3, 10], [4, 9], [5, 8], [6, 7]]
n:22 p:11 g:15 part:[[15, 22], [16, 21], [17, 20], [18, 19], [1, 14], [2, 13], [3, 12], [4, 11], [5, 10], [6, 9], [7, 8]]
n:22 p:11 g:17 part:[[17, 22], [18, 21], [19, 20], [1, 16], [2, 15], [3, 14], [4, 13], [5, 12], [6, 11], [7, 10], [8, 9]]
n:22 p:11 g:19 part:[[19, 22], [20, 21], [1, 18], [2, 17], [3, 16], [4, 15], [5, 14], [6, 13], [7, 12], [8, 11], [9, 10]]
n:22 p:11 g:21 part:[[21, 22], [1, 20], [2, 19], [3, 18], [4, 17], [5, 16], [6, 15], [7, 14], [8, 13], [9, 12], [10, 11]]
n:22 p:9 g:11 part:[[11, 22], [12, 21], [13, 20], [14, 19], [15, 18], [16, 17], [1, 10], [2, 9], [3, 4, 5, 6, 7, 8]]
n:22 p:9 g:11 part:[[11, 22], [12, 21], [13, 20], [14, 19], [15, 18], [16, 17], [1, 10], [2, 9], [3, 4, 5, 6, 7, 8]]
n:22 p:7 g:11 part:[[11, 22], [12, 21], [13, 20], [14, 19], [15, 18], [16, 17], [1, 2, 3, 4, 5, 6, 7, 8, 9, 10]]
n:22 p:7 g:11 part:[[11, 22], [12, 21], [13, 20], [14, 19], [15, 18], [16, 17], [1, 2, 3, 4, 5, 6, 7, 8, 9, 10]]
n:22 p:7 g:11 part:[[11, 22], [12, 21], [13, 20], [14, 19], [15, 18], [16, 17], [1, 2, 3, 4, 5, 6, 7, 8, 9, 10]]
n:22 p:7 g:11 part:[[11, 22], [12, 21], [13, 20], [14, 19], [15, 18], [16, 17], [1, 2, 3, 4, 5, 6, 7, 8, 9, 10]]
n:22 p:7 g:11 part:[[11, 22], [12, 21], [13, 20], [14, 19], [15, 18], [16, 17], [1, 2, 3, 4, 5, 6, 7, 8, 9, 10]]
n:22 p:5 g:11 part:[[11, 22], [12, 21], [13, 20], [14, 19], [1, 2, 3, 4, 5, 6, 7, 8, 9, 10, 15, 16, 17, 18]]
n:22 p:5 g:11 part:[[11, 22], [12, 21], [13, 20], [5, 14, 17, 19], [1, 2, 3, 4, 6, 7, 8, 9, 10, 15, 16, 18]]
n:22 p:5 g:11 part:[[11, 22], [12, 21], [13, 20], [5, 6, 14, 16, 17, 19], [1, 2, 3, 4, 7, 8, 9, 10, 15, 18]]
n:22 p:5 g:11 part:[[11, 22], [12, 21], [13, 20], [5, 6, 14, 16, 17, 19], [1, 2, 3, 4, 7, 8, 9, 10, 15, 18]]
n:22 p:5 g:11 part:[[11, 22], [12, 21], [5, 13, 17, 20], [6, 14, 16, 19], [1, 2, 3, 4, 7, 8, 9, 10, 15, 18]]
n:22 p:5 g:11 part:[[11, 22], [12, 21], [5, 13, 17, 20], [6, 14, 16, 19], [1, 2, 3, 4, 7, 8, 9, 10, 15, 18]]
n:22 p:5 g:11 part:[[11, 22], [12, 21], [14, 19], [5, 6, 13, 16, 17, 20], [1, 2, 3, 4, 7, 8, 9, 10, 15, 18]]
n:22 p:5 g:11 part:[[11, 22], [14, 19], [5, 12, 17, 21], [6, 13, 16, 20], [1, 2, 3, 4, 7, 8, 9, 10, 15, 18]]
n:22 p:5 g:11 part:[[11, 22], [14, 19], [5, 12, 17, 21], [6, 13, 16, 20], [1, 2, 3, 4, 7, 8, 9, 10, 15, 18]]
n:22 p:5 g:11 part:[[13, 20], [14, 19], [5, 11, 17, 22], [6, 12, 16, 21], [1, 2, 3, 4, 7, 8, 9, 10, 15, 18]]
n:22 p:3 g:11 part:[[11, 22], [12, 21], [1, 2, 3, 4, 5, 6, 7, 8, 9, 10, 13, 14, 15, 16, 17, 18, 19, 20]]
n:22 p:3 g:11 part:[[11, 22], [3, 12, 19, 21], [1, 2, 4, 5, 6, 7, 8, 9, 10, 13, 14, 15, 16, 17, 18, 20]]
n:22 p:3 g:11 part:[[11, 22], [3, 5, 12, 17, 19, 21], [1, 2, 4, 6, 7, 8, 9, 10, 13, 14, 15, 16, 18, 20]]
n:22 p:3 g:11 part:[[11, 22], [3, 5, 7, 12, 15, 17, 19, 21], [1, 2, 4, 6, 8, 9, 10, 13, 14, 16, 18, 20]]
n:22 p:3 g:11 part:[[11, 22], [3, 5, 7, 8, 12, 14, 15, 17, 19, 21], [1, 2, 4, 6, 9, 10, 13, 16, 18, 20]]
n:22 p:3 g:11 part:[[3, 11, 19, 22], [4, 12, 18, 21], [1, 2, 5, 6, 7, 8, 9, 10, 13, 14, 15, 16, 17, 20]]
n:22 p:3 g:11 part:[[3, 11, 19, 22], [4, 6, 12, 16, 18, 21], [1, 2, 5, 7, 8, 9, 10, 13, 14, 15, 17, 20]]
n:22 p:3 g:11 part:[[3, 11, 19, 22], [4, 6, 8, 12, 14, 16, 18, 21], [1, 2, 5, 7, 9, 10, 13, 15, 17, 20]]
n:22 p:3 g:11 part:[[3, 5, 11, 17, 19, 22], [4, 7, 12, 15, 18, 21], [1, 2, 6, 8, 9, 10, 13, 14, 16, 20]]
n:22 p:3 g:11 part:[[3, 5, 11, 17, 19, 22], [4, 7, 8, 12, 14, 15, 18, 21], [1, 2, 6, 9, 10, 13, 16, 20]]
n:22 p:1 g:11 part:[[1, 2, 3, 4, 5, 6, 7, 8, 9, 10, 11, 12, 13, 14, 15, 16, 17, 18, 19, 20, 21, 22]]
