n:24 p:12 part:[2, 2, 2, 2, 2, 2, 2, 2, 2, 2, 2, 2] csp:[[1, 24], [2, 23], [3, 22], [4, 21], [5, 20], [6, 19], [7, 18], [8, 17], [9, 16], [10, 15], [11, 14], [12, 13]] sum:1
n:24 p:12 part:[2, 2, 2, 2, 2, 2, 2, 2, 2, 2, 2, 2] csp:[[1, 2], [3, 24], [4, 23], [5, 22], [6, 21], [7, 20], [8, 19], [9, 18], [10, 17], [11, 16], [12, 15], [13, 14]] sum:3
n:24 p:12 part:[2, 2, 2, 2, 2, 2, 2, 2, 2, 2, 2, 2] csp:[[1, 4], [1, 4], [5, 24], [6, 23], [7, 22], [8, 21], [9, 20], [10, 19], [11, 18], [12, 17], [13, 16], [14, 15]] sum:5
n:24 p:12 part:[2, 2, 2, 2, 2, 2, 2, 2, 2, 2, 2, 2] csp:[[1, 6], [1, 6], [1, 6], [7, 24], [8, 23], [9, 22], [10, 21], [11, 20], [12, 19], [13, 18], [14, 17], [15, 16]] sum:7
n:24 p:12 part:[2, 2, 2, 2, 2, 2, 2, 2, 2, 2, 2, 2] csp:[[1, 8], [1, 8], [1, 8], [1, 8], [9, 24], [10, 23], [11, 22], [12, 21], [13, 20], [14, 19], [15, 18], [16, 17]] sum:9
n:24 p:12 part:[2, 2, 2, 2, 2, 2, 2, 2, 2, 2, 2, 2] csp:[[1, 10], [1, 10], [1, 10], [1, 10], [1, 10], [11, 24], [12, 23], [13, 22], [14, 21], [15, 20], [16, 19], [17, 18]] sum:11
n:24 p:12 part:[2, 2, 2, 2, 2, 2, 2, 2, 2, 2, 2, 2] csp:[[1, 12], [1, 12], [1, 12], [1, 12], [1, 12], [1, 12], [13, 24], [14, 23], [15, 22], [16, 21], [17, 20], [18, 19]] sum:13
n:24 p:12 part:[2, 2, 2, 2, 2, 2, 2, 2, 2, 2, 2, 2] csp:[[1, 14], [1, 14], [1, 14], [1, 14], [1, 14], [1, 14], [1, 14], [15, 24], [16, 23], [17, 22], [18, 21], [19, 20]] sum:15
n:24 p:12 part:[2, 2, 2, 2, 2, 2, 2, 2, 2, 2, 2, 2] csp:[[1, 16], [1, 16], [1, 16], [1, 16], [1, 16], [1, 16], [1, 16], [1, 16], [17, 24], [18, 23], [19, 22], [20, 21]] sum:17
n:24 p:12 part:[2, 2, 2, 2, 2, 2, 2, 2, 2, 2, 2, 2] csp:[[1, 18], [1, 18], [1, 18], [1, 18], [1, 18], [1, 18], [1, 18], [1, 18], [1, 18], [19, 24], [20, 23], [21, 22]] sum:19
n:24 p:12 part:[2, 2, 2, 2, 2, 2, 2, 2, 2, 2, 2, 2] csp:[[1, 20], [1, 20], [1, 20], [1, 20], [1, 20], [1, 20], [1, 20], [1, 20], [1, 20], [1, 20], [21, 24], [22, 23]] sum:21
n:24 p:12 part:[2, 2, 2, 2, 2, 2, 2, 2, 2, 2, 2, 2] csp:[[1, 22], [1, 22], [1, 22], [1, 22], [1, 22], [1, 22], [1, 22], [1, 22], [1, 22], [1, 22], [1, 22], [23, 24]] sum:23
n:24 p:11 part:[2, 2, 2, 2, 2, 2, 2, 2, 2, 2, 4] csp:[[1, 1, 11, 23], [1, 11], [1, 11], [1, 11], [1, 11], [12, 24], [13, 23], [14, 22], [15, 21], [16, 20], [17, 19]] sum:12
n:24 p:10 part:[2, 2, 2, 2, 2, 2, 2, 2, 2, 6] csp:[[1, 1, 2, 5, 22, 23], [6, 24], [7, 23], [8, 22], [9, 21], [10, 20], [11, 19], [12, 18], [13, 17], [14, 16]] sum:6
n:24 p:10 part:[2, 2, 2, 2, 2, 2, 2, 2, 2, 6] csp:[[1, 1, 2, 17, 22, 23], [1, 17], [1, 17], [1, 17], [1, 17], [1, 17], [1, 17], [18, 24], [19, 23], [20, 22]] sum:18
n:24 p:10 part:[2, 2, 2, 2, 2, 2, 2, 2, 4, 4] csp:[[1, 2, 5, 22], [1, 14, 16, 23], [6, 24], [7, 23], [8, 22], [9, 21], [10, 20], [11, 19], [12, 18], [13, 17]] sum:6
n:24 p:10 part:[2, 2, 2, 2, 2, 2, 2, 2, 4, 4] csp:[[1, 1, 17, 23], [1, 2, 17, 22], [1, 17], [1, 17], [1, 17], [1, 17], [1, 17], [18, 24], [19, 23], [20, 22]] sum:18
n:24 p:9 part:[2, 2, 2, 2, 2, 2, 2, 2, 8] csp:[[1, 2, 3, 12, 16, 21, 22, 23], [4, 24], [5, 23], [6, 22], [7, 21], [8, 20], [9, 19], [10, 18], [11, 17]] sum:4
n:24 p:9 part:[2, 2, 2, 2, 2, 2, 2, 2, 8] csp:[[1, 1, 2, 3, 11, 21, 22, 23], [1, 11], [1, 11], [12, 24], [13, 23], [14, 22], [15, 21], [16, 20], [17, 19]] sum:12
n:24 p:9 part:[2, 2, 2, 2, 2, 2, 2, 2, 8] csp:[[1, 1, 2, 3, 19, 21, 22, 23], [1, 19], [1, 19], [1, 19], [1, 19], [1, 19], [1, 19], [20, 24], [21, 23]] sum:20
n:24 p:9 part:[2, 2, 2, 2, 2, 2, 2, 4, 6] csp:[[1, 11, 17, 23], [2, 3, 12, 16, 21, 22], [4, 24], [5, 23], [6, 22], [7, 21], [8, 20], [9, 19], [10, 18]] sum:4
n:24 p:9 part:[2, 2, 2, 2, 2, 2, 2, 4, 6] csp:[[1, 1, 11, 23], [1, 2, 3, 11, 21, 22], [1, 11], [12, 24], [13, 23], [14, 22], [15, 21], [16, 20], [17, 19]] sum:12
n:24 p:9 part:[2, 2, 2, 2, 2, 2, 2, 4, 6] csp:[[1, 1, 19, 23], [1, 2, 3, 19, 21, 22], [1, 19], [1, 19], [1, 19], [1, 19], [1, 19], [20, 24], [21, 23]] sum:20
n:24 p:9 part:[2, 2, 2, 2, 2, 2, 4, 4, 4] csp:[[1, 10, 18, 23], [2, 11, 17, 22], [3, 12, 16, 21], [4, 24], [5, 23], [6, 22], [7, 21], [8, 20], [9, 19]] sum:4
n:24 p:9 part:[2, 2, 2, 2, 2, 2, 4, 4, 4] csp:[[1, 1, 11, 23], [1, 2, 11, 22], [1, 3, 11, 21], [12, 24], [13, 23], [14, 22], [15, 21], [16, 20], [17, 19]] sum:12
n:24 p:9 part:[2, 2, 2, 2, 2, 2, 4, 4, 4] csp:[[1, 1, 19, 23], [1, 2, 19, 22], [1, 3, 19, 21], [1, 19], [1, 19], [1, 19], [1, 19], [20, 24], [21, 23]] sum:20
n:24 p:7 part:[2, 2, 2, 2, 2, 2, 12] csp:[[1, 1, 2, 3, 4, 5, 11, 19, 20, 21, 22, 23], [12, 24], [13, 23], [14, 22], [15, 21], [16, 20], [17, 19]] sum:12
n:24 p:7 part:[2, 2, 2, 2, 2, 4, 10] csp:[[1, 2, 3, 4, 5, 11, 19, 20, 21, 22], [1, 17, 19, 23], [12, 24], [13, 23], [14, 22], [15, 21], [16, 20]] sum:12
n:24 p:7 part:[2, 2, 2, 2, 2, 6, 8] csp:[[1, 2, 17, 19, 22, 23], [1, 3, 4, 5, 11, 19, 20, 21], [12, 24], [13, 23], [14, 22], [15, 21], [16, 20]] sum:12
n:24 p:7 part:[2, 2, 2, 2, 4, 4, 8] csp:[[1, 3, 4, 5, 11, 19, 20, 21], [1, 16, 20, 23], [2, 17, 19, 22], [12, 24], [13, 23], [14, 22], [15, 21]] sum:12
n:24 p:7 part:[2, 2, 2, 2, 4, 6, 6] csp:[[1, 4, 5, 11, 19, 20], [1, 16, 20, 23], [2, 3, 17, 19, 21, 22], [12, 24], [13, 23], [14, 22], [15, 21]] sum:12
n:24 p:7 part:[2, 2, 2, 4, 4, 4, 6] csp:[[1, 4, 5, 11, 19, 20], [1, 15, 21, 23], [2, 16, 20, 22], [3, 17, 19, 21], [12, 24], [13, 23], [14, 22]] sum:12
n:24 p:7 part:[2, 2, 4, 4, 4, 4, 4] csp:[[1, 5, 11, 19], [1, 14, 22, 23], [2, 15, 21, 22], [3, 16, 20, 21], [4, 17, 19, 20], [12, 24], [13, 23]] sum:12
n:24 p:6 part:[2, 2, 2, 2, 2, 14] csp:[[1, 7, 8, 9, 10, 11, 12, 12, 13, 14, 15, 16, 19, 23], [2, 24], [3, 23], [4, 22], [5, 21], [6, 20]] sum:2
n:24 p:6 part:[2, 2, 2, 2, 2, 14] csp:[[1, 2, 3, 4, 5, 11, 12, 12, 19, 19, 20, 21, 22, 23], [6, 24], [7, 23], [8, 22], [9, 21], [10, 20]] sum:6
n:24 p:6 part:[2, 2, 2, 2, 2, 14] csp:[[1, 2, 3, 4, 5, 6, 15, 18, 19, 19, 20, 21, 22, 23], [10, 24], [11, 23], [12, 22], [13, 21], [14, 20]] sum:10
n:24 p:6 part:[2, 2, 2, 2, 2, 14] csp:[[1, 1, 2, 3, 4, 5, 6, 13, 18, 19, 20, 21, 22, 23], [14, 24], [15, 23], [16, 22], [17, 21], [18, 20]] sum:14
n:24 p:6 part:[2, 2, 2, 2, 2, 14] csp:[[1, 1, 2, 3, 4, 5, 6, 17, 18, 19, 20, 21, 22, 23], [1, 17], [1, 17], [18, 24], [19, 23], [20, 22]] sum:18
n:24 p:6 part:[2, 2, 2, 2, 2, 14] csp:[[1, 1, 2, 3, 4, 5, 6, 18, 19, 20, 21, 21, 22, 23], [1, 21], [1, 21], [1, 21], [1, 21], [22, 24]] sum:22
n:24 p:6 part:[2, 2, 2, 2, 4, 12] csp:[[1, 6, 20, 23], [2, 24], [3, 23], [4, 22], [5, 21], [7, 8, 9, 10, 11, 12, 12, 13, 14, 15, 16, 19]] sum:2
n:24 p:6 part:[2, 2, 2, 2, 4, 12] csp:[[1, 10, 20, 23], [2, 3, 4, 5, 11, 12, 12, 19, 19, 20, 21, 22], [6, 24], [7, 23], [8, 22], [9, 21]] sum:6
n:24 p:6 part:[2, 2, 2, 2, 4, 12] csp:[[1, 14, 20, 23], [2, 3, 4, 5, 6, 15, 18, 19, 19, 20, 21, 22], [10, 24], [11, 23], [12, 22], [13, 21]] sum:10
n:24 p:6 part:[2, 2, 2, 2, 4, 12] csp:[[1, 2, 3, 4, 5, 6, 13, 18, 19, 20, 21, 22], [1, 18, 20, 23], [14, 24], [15, 23], [16, 22], [17, 21]] sum:14
n:24 p:6 part:[2, 2, 2, 2, 4, 12] csp:[[1, 1, 17, 23], [1, 2, 3, 4, 5, 6, 17, 18, 19, 20, 21, 22], [1, 17], [18, 24], [19, 23], [20, 22]] sum:18
n:24 p:6 part:[2, 2, 2, 2, 4, 12] csp:[[1, 1, 21, 23], [1, 2, 3, 4, 5, 6, 18, 19, 20, 21, 21, 22], [1, 21], [1, 21], [1, 21], [22, 24]] sum:22
n:24 p:6 part:[2, 2, 2, 2, 6, 10] csp:[[1, 6, 8, 16, 20, 23], [2, 24], [3, 23], [4, 22], [5, 21], [7, 9, 10, 11, 12, 12, 13, 14, 15, 19]] sum:2
n:24 p:6 part:[2, 2, 2, 2, 6, 10] csp:[[1, 2, 10, 20, 22, 23], [3, 4, 5, 11, 12, 12, 19, 19, 20, 21], [6, 24], [7, 23], [8, 22], [9, 21]] sum:6
n:24 p:6 part:[2, 2, 2, 2, 6, 10] csp:[[1, 2, 14, 20, 22, 23], [3, 4, 5, 6, 15, 18, 19, 19, 20, 21], [10, 24], [11, 23], [12, 22], [13, 21]] sum:10
n:24 p:6 part:[2, 2, 2, 2, 6, 10] csp:[[1, 2, 18, 20, 22, 23], [1, 3, 4, 5, 6, 13, 18, 19, 20, 21], [14, 24], [15, 23], [16, 22], [17, 21]] sum:14
n:24 p:6 part:[2, 2, 2, 2, 6, 10] csp:[[1, 1, 2, 17, 22, 23], [1, 3, 4, 5, 6, 17, 18, 19, 20, 21], [1, 17], [18, 24], [19, 23], [20, 22]] sum:18
n:24 p:6 part:[2, 2, 2, 2, 6, 10] csp:[[1, 1, 2, 21, 22, 23], [1, 3, 4, 5, 6, 18, 19, 20, 21, 21], [1, 21], [1, 21], [1, 21], [22, 24]] sum:22
n:24 p:6 part:[2, 2, 2, 2, 8, 8] csp:[[1, 6, 8, 9, 15, 16, 20, 23], [2, 24], [3, 23], [4, 22], [5, 21], [7, 10, 11, 12, 12, 13, 14, 19]] sum:2
n:24 p:6 part:[2, 2, 2, 2, 8, 8] csp:[[1, 2, 3, 10, 20, 21, 22, 23], [4, 5, 11, 12, 12, 19, 19, 20], [6, 24], [7, 23], [8, 22], [9, 21]] sum:6
n:24 p:6 part:[2, 2, 2, 2, 8, 8] csp:[[1, 2, 3, 14, 20, 21, 22, 23], [4, 5, 6, 15, 18, 19, 19, 20], [10, 24], [11, 23], [12, 22], [13, 21]] sum:10
n:24 p:6 part:[2, 2, 2, 2, 8, 8] csp:[[1, 2, 3, 18, 20, 21, 22, 23], [1, 4, 5, 6, 13, 18, 19, 20], [14, 24], [15, 23], [16, 22], [17, 21]] sum:14
n:24 p:6 part:[2, 2, 2, 2, 8, 8] csp:[[1, 1, 2, 3, 17, 21, 22, 23], [1, 4, 5, 6, 17, 18, 19, 20], [1, 17], [18, 24], [19, 23], [20, 22]] sum:18
n:24 p:6 part:[2, 2, 2, 2, 8, 8] csp:[[1, 1, 2, 3, 21, 21, 22, 23], [1, 4, 5, 6, 18, 19, 20, 21], [1, 21], [1, 21], [1, 21], [22, 24]] sum:22
n:24 p:6 part:[2, 2, 2, 4, 4, 10] csp:[[1, 5, 21, 23], [2, 24], [3, 23], [4, 22], [6, 8, 16, 20], [7, 9, 10, 11, 12, 12, 13, 14, 15, 19]] sum:2
n:24 p:6 part:[2, 2, 2, 4, 4, 10] csp:[[1, 9, 21, 23], [2, 10, 20, 22], [3, 4, 5, 11, 12, 12, 19, 19, 20, 21], [6, 24], [7, 23], [8, 22]] sum:6
n:24 p:6 part:[2, 2, 2, 4, 4, 10] csp:[[1, 13, 21, 23], [2, 14, 20, 22], [3, 4, 5, 6, 15, 18, 19, 19, 20, 21], [10, 24], [11, 23], [12, 22]] sum:10
n:24 p:6 part:[2, 2, 2, 4, 4, 10] csp:[[1, 3, 4, 5, 6, 13, 18, 19, 20, 21], [1, 17, 21, 23], [2, 18, 20, 22], [14, 24], [15, 23], [16, 22]] sum:14
n:24 p:6 part:[2, 2, 2, 4, 4, 10] csp:[[1, 1, 17, 23], [1, 2, 17, 22], [1, 3, 4, 5, 6, 17, 18, 19, 20, 21], [18, 24], [19, 23], [20, 22]] sum:18
n:24 p:6 part:[2, 2, 2, 4, 4, 10] csp:[[1, 1, 21, 23], [1, 2, 21, 22], [1, 3, 4, 5, 6, 18, 19, 20, 21, 21], [1, 21], [1, 21], [22, 24]] sum:22
n:24 p:6 part:[2, 2, 2, 4, 6, 8] csp:[[1, 5, 21, 23], [2, 24], [3, 23], [4, 22], [6, 8, 9, 15, 16, 20], [7, 10, 11, 12, 12, 13, 14, 19]] sum:2
n:24 p:6 part:[2, 2, 2, 4, 6, 8] csp:[[1, 9, 21, 23], [2, 3, 10, 20, 21, 22], [4, 5, 11, 12, 12, 19, 19, 20], [6, 24], [7, 23], [8, 22]] sum:6
n:24 p:6 part:[2, 2, 2, 4, 6, 8] csp:[[1, 13, 21, 23], [2, 3, 14, 20, 21, 22], [4, 5, 6, 15, 18, 19, 19, 20], [10, 24], [11, 23], [12, 22]] sum:10
n:24 p:6 part:[2, 2, 2, 4, 6, 8] csp:[[1, 4, 5, 6, 13, 18, 19, 20], [1, 17, 21, 23], [2, 3, 18, 20, 21, 22], [14, 24], [15, 23], [16, 22]] sum:14
n:24 p:6 part:[2, 2, 2, 4, 6, 8] csp:[[1, 1, 17, 23], [1, 2, 3, 17, 21, 22], [1, 4, 5, 6, 17, 18, 19, 20], [18, 24], [19, 23], [20, 22]] sum:18
n:24 p:6 part:[2, 2, 2, 4, 6, 8] csp:[[1, 1, 21, 23], [1, 2, 3, 21, 21, 22], [1, 4, 5, 6, 18, 19, 20, 21], [1, 21], [1, 21], [22, 24]] sum:22
n:24 p:6 part:[2, 2, 2, 6, 6, 6] csp:[[1, 5, 8, 16, 21, 23], [2, 24], [3, 23], [4, 22], [6, 9, 10, 14, 15, 20], [7, 11, 12, 12, 13, 19]] sum:2
n:24 p:6 part:[2, 2, 2, 6, 6, 6] csp:[[1, 2, 9, 21, 22, 23], [3, 4, 10, 20, 20, 21], [5, 11, 12, 12, 19, 19], [6, 24], [7, 23], [8, 22]] sum:6
n:24 p:6 part:[2, 2, 2, 6, 6, 6] csp:[[1, 2, 13, 21, 22, 23], [3, 4, 14, 20, 20, 21], [5, 6, 15, 18, 19, 19], [10, 24], [11, 23], [12, 22]] sum:10
n:24 p:6 part:[2, 2, 2, 6, 6, 6] csp:[[1, 2, 17, 21, 22, 23], [1, 5, 6, 13, 18, 19], [3, 4, 18, 20, 20, 21], [14, 24], [15, 23], [16, 22]] sum:14
n:24 p:6 part:[2, 2, 2, 6, 6, 6] csp:[[1, 1, 2, 17, 22, 23], [1, 3, 4, 17, 20, 21], [1, 5, 6, 17, 18, 19], [18, 24], [19, 23], [20, 22]] sum:18
n:24 p:6 part:[2, 2, 2, 6, 6, 6] csp:[[1, 1, 2, 21, 22, 23], [1, 3, 4, 20, 21, 21], [1, 5, 6, 18, 19, 21], [1, 21], [1, 21], [22, 24]] sum:22
n:24 p:6 part:[2, 2, 4, 4, 4, 8] csp:[[1, 4, 22, 23], [2, 24], [3, 23], [5, 8, 16, 21], [6, 9, 15, 20], [7, 10, 11, 12, 12, 13, 14, 19]] sum:2
n:24 p:6 part:[2, 2, 4, 4, 4, 8] csp:[[1, 8, 22, 23], [2, 9, 21, 22], [3, 10, 20, 21], [4, 5, 11, 12, 12, 19, 19, 20], [6, 24], [7, 23]] sum:6
n:24 p:6 part:[2, 2, 4, 4, 4, 8] csp:[[1, 12, 22, 23], [2, 13, 21, 22], [3, 14, 20, 21], [4, 5, 6, 15, 18, 19, 19, 20], [10, 24], [11, 23]] sum:10
n:24 p:6 part:[2, 2, 4, 4, 4, 8] csp:[[1, 4, 5, 6, 13, 18, 19, 20], [1, 16, 22, 23], [2, 17, 21, 22], [3, 18, 20, 21], [14, 24], [15, 23]] sum:14
n:24 p:6 part:[2, 2, 4, 4, 4, 8] csp:[[1, 2, 17, 22], [1, 3, 17, 21], [1, 4, 5, 6, 17, 18, 19, 20], [1, 20, 22, 23], [18, 24], [19, 23]] sum:18
n:24 p:6 part:[2, 2, 4, 4, 4, 8] csp:[[1, 1, 21, 23], [1, 2, 21, 22], [1, 3, 21, 21], [1, 4, 5, 6, 18, 19, 20, 21], [1, 21], [22, 24]] sum:22
n:24 p:6 part:[2, 2, 4, 4, 6, 6] csp:[[1, 4, 22, 23], [2, 24], [3, 23], [5, 8, 16, 21], [6, 9, 10, 14, 15, 20], [7, 11, 12, 12, 13, 19]] sum:2
n:24 p:6 part:[2, 2, 4, 4, 6, 6] csp:[[1, 8, 22, 23], [2, 9, 21, 22], [3, 4, 10, 20, 20, 21], [5, 11, 12, 12, 19, 19], [6, 24], [7, 23]] sum:6
n:24 p:6 part:[2, 2, 4, 4, 6, 6] csp:[[1, 12, 22, 23], [2, 13, 21, 22], [3, 4, 14, 20, 20, 21], [5, 6, 15, 18, 19, 19], [10, 24], [11, 23]] sum:10
n:24 p:6 part:[2, 2, 4, 4, 6, 6] csp:[[1, 5, 6, 13, 18, 19], [1, 16, 22, 23], [2, 17, 21, 22], [3, 4, 18, 20, 20, 21], [14, 24], [15, 23]] sum:14
n:24 p:6 part:[2, 2, 4, 4, 6, 6] csp:[[1, 2, 17, 22], [1, 3, 4, 17, 20, 21], [1, 5, 6, 17, 18, 19], [1, 20, 22, 23], [18, 24], [19, 23]] sum:18
n:24 p:6 part:[2, 2, 4, 4, 6, 6] csp:[[1, 1, 21, 23], [1, 2, 21, 22], [1, 3, 4, 20, 21, 21], [1, 5, 6, 18, 19, 21], [1, 21], [22, 24]] sum:22
n:24 p:6 part:[2, 4, 4, 4, 4, 6] csp:[[1, 3, 23, 23], [2, 24], [4, 8, 16, 22], [5, 9, 15, 21], [6, 10, 14, 20], [7, 11, 12, 12, 13, 19]] sum:2
n:24 p:6 part:[2, 4, 4, 4, 4, 6] csp:[[1, 7, 23, 23], [2, 8, 22, 22], [3, 9, 21, 21], [4, 10, 20, 20], [5, 11, 12, 12, 19, 19], [6, 24]] sum:6
n:24 p:6 part:[2, 4, 4, 4, 4, 6] csp:[[1, 11, 23, 23], [2, 12, 22, 22], [3, 13, 21, 21], [4, 14, 20, 20], [5, 6, 15, 18, 19, 19], [10, 24]] sum:10
n:24 p:6 part:[2, 4, 4, 4, 4, 6] csp:[[1, 5, 6, 13, 18, 19], [1, 15, 23, 23], [2, 16, 22, 22], [3, 17, 21, 21], [4, 18, 20, 20], [14, 24]] sum:14
n:24 p:6 part:[2, 4, 4, 4, 4, 6] csp:[[1, 3, 17, 21], [1, 4, 17, 20], [1, 5, 6, 17, 18, 19], [1, 19, 23, 23], [2, 20, 22, 22], [18, 24]] sum:18
n:24 p:6 part:[2, 4, 4, 4, 4, 6] csp:[[1, 1, 21, 23], [1, 2, 21, 22], [1, 3, 21, 21], [1, 4, 20, 21], [1, 5, 6, 18, 19, 21], [22, 24]] sum:22
n:24 p:6 part:[4, 4, 4, 4, 4, 4] csp:[[1, 2, 23, 24], [3, 8, 16, 23], [4, 9, 15, 22], [5, 10, 14, 21], [6, 11, 13, 20], [7, 12, 12, 19]] sum:2
n:24 p:6 part:[4, 4, 4, 4, 4, 4] csp:[[1, 6, 23, 24], [2, 7, 22, 23], [3, 8, 21, 22], [4, 9, 20, 21], [5, 10, 19, 20], [11, 12, 12, 19]] sum:6
n:24 p:6 part:[4, 4, 4, 4, 4, 4] csp:[[1, 10, 23, 24], [2, 11, 22, 23], [3, 12, 21, 22], [4, 13, 20, 21], [5, 14, 19, 20], [6, 15, 18, 19]] sum:10
n:24 p:6 part:[4, 4, 4, 4, 4, 4] csp:[[1, 6, 13, 18], [1, 14, 23, 24], [2, 15, 22, 23], [3, 16, 21, 22], [4, 17, 20, 21], [5, 18, 19, 20]] sum:14
n:24 p:6 part:[4, 4, 4, 4, 4, 4] csp:[[1, 4, 17, 20], [1, 5, 17, 19], [1, 6, 17, 18], [1, 18, 23, 24], [2, 19, 22, 23], [3, 20, 21, 22]] sum:18
n:24 p:6 part:[4, 4, 4, 4, 4, 4] csp:[[1, 2, 21, 22], [1, 3, 21, 21], [1, 4, 20, 21], [1, 5, 19, 21], [1, 6, 18, 21], [1, 22, 23, 24]] sum:22
n:24 p:5 part:[2, 2, 2, 2, 16] csp:[[1, 2, 3, 4, 5, 6, 7, 16, 17, 18, 19, 20, 20, 21, 22, 23], [12, 24], [13, 23], [14, 22], [15, 21]] sum:12
n:24 p:5 part:[2, 2, 2, 4, 14] csp:[[1, 15, 21, 23], [2, 3, 4, 5, 6, 7, 16, 17, 18, 19, 20, 20, 21, 22], [12, 24], [13, 23], [14, 22]] sum:12
n:24 p:5 part:[2, 2, 2, 6, 12] csp:[[1, 2, 15, 21, 22, 23], [3, 4, 5, 6, 7, 16, 17, 18, 19, 20, 20, 21], [12, 24], [13, 23], [14, 22]] sum:12
n:24 p:5 part:[2, 2, 2, 8, 10] csp:[[1, 2, 3, 15, 21, 21, 22, 23], [4, 5, 6, 7, 16, 17, 18, 19, 20, 20], [12, 24], [13, 23], [14, 22]] sum:12
n:24 p:5 part:[2, 2, 4, 4, 12] csp:[[1, 14, 22, 23], [2, 15, 21, 22], [3, 4, 5, 6, 7, 16, 17, 18, 19, 20, 20, 21], [12, 24], [13, 23]] sum:12
n:24 p:5 part:[2, 2, 4, 6, 10] csp:[[1, 14, 22, 23], [2, 3, 15, 21, 21, 22], [4, 5, 6, 7, 16, 17, 18, 19, 20, 20], [12, 24], [13, 23]] sum:12
n:24 p:5 part:[2, 2, 4, 8, 8] csp:[[1, 14, 22, 23], [2, 3, 4, 15, 20, 21, 21, 22], [5, 6, 7, 16, 17, 18, 19, 20], [12, 24], [13, 23]] sum:12
n:24 p:5 part:[2, 2, 6, 6, 8] csp:[[1, 2, 14, 22, 22, 23], [3, 4, 15, 20, 21, 21], [5, 6, 7, 16, 17, 18, 19, 20], [12, 24], [13, 23]] sum:12
n:24 p:5 part:[2, 4, 4, 4, 10] csp:[[1, 13, 23, 23], [2, 14, 22, 22], [3, 15, 21, 21], [4, 5, 6, 7, 16, 17, 18, 19, 20, 20], [12, 24]] sum:12
n:24 p:5 part:[2, 4, 4, 6, 8] csp:[[1, 13, 23, 23], [2, 14, 22, 22], [3, 4, 15, 20, 21, 21], [5, 6, 7, 16, 17, 18, 19, 20], [12, 24]] sum:12
n:24 p:5 part:[2, 4, 6, 6, 6] csp:[[1, 13, 23, 23], [2, 3, 14, 21, 22, 22], [4, 5, 15, 19, 20, 21], [6, 7, 16, 17, 18, 20], [12, 24]] sum:12
n:24 p:5 part:[4, 4, 4, 4, 8] csp:[[1, 12, 23, 24], [2, 13, 22, 23], [3, 14, 21, 22], [4, 15, 20, 21], [5, 6, 7, 16, 17, 18, 19, 20]] sum:12
n:24 p:5 part:[4, 4, 4, 6, 6] csp:[[1, 12, 23, 24], [2, 13, 22, 23], [3, 14, 21, 22], [4, 5, 15, 19, 20, 21], [6, 7, 16, 17, 18, 20]] sum:12
n:24 p:4 part:[2, 2, 2, 18] csp:[[1, 2, 6, 7, 8, 9, 10, 11, 12, 12, 13, 14, 15, 16, 17, 21, 22, 23], [3, 24], [4, 23], [5, 22]] sum:3
n:24 p:4 part:[2, 2, 2, 18] csp:[[1, 2, 3, 4, 5, 6, 7, 8, 12, 16, 17, 18, 19, 20, 21, 21, 22, 23], [9, 24], [10, 23], [11, 22]] sum:9
n:24 p:4 part:[2, 2, 2, 18] csp:[[1, 2, 3, 4, 5, 6, 7, 8, 16, 17, 18, 18, 19, 20, 21, 21, 22, 23], [15, 24], [16, 23], [17, 22]] sum:15
n:24 p:4 part:[2, 2, 2, 18] csp:[[1, 1, 2, 3, 4, 5, 6, 7, 8, 16, 17, 18, 19, 20, 20, 21, 22, 23], [1, 20], [21, 24], [22, 23]] sum:21
n:24 p:4 part:[2, 2, 4, 16] csp:[[1, 5, 22, 23], [2, 6, 7, 8, 9, 10, 11, 12, 12, 13, 14, 15, 16, 17, 21, 22], [3, 24], [4, 23]] sum:3
n:24 p:4 part:[2, 2, 4, 16] csp:[[1, 11, 22, 23], [2, 3, 4, 5, 6, 7, 8, 12, 16, 17, 18, 19, 20, 21, 21, 22], [9, 24], [10, 23]] sum:9
n:24 p:4 part:[2, 2, 4, 16] csp:[[1, 17, 22, 23], [2, 3, 4, 5, 6, 7, 8, 16, 17, 18, 18, 19, 20, 21, 21, 22], [15, 24], [16, 23]] sum:15
n:24 p:4 part:[2, 2, 4, 16] csp:[[1, 1, 20, 23], [1, 2, 3, 4, 5, 6, 7, 8, 16, 17, 18, 19, 20, 20, 21, 22], [21, 24], [22, 23]] sum:21
n:24 p:4 part:[2, 2, 6, 14] csp:[[1, 2, 5, 22, 22, 23], [3, 24], [4, 23], [6, 7, 8, 9, 10, 11, 12, 12, 13, 14, 15, 16, 17, 21]] sum:3
n:24 p:4 part:[2, 2, 6, 14] csp:[[1, 2, 11, 22, 22, 23], [3, 4, 5, 6, 7, 8, 12, 16, 17, 18, 19, 20, 21, 21], [9, 24], [10, 23]] sum:9
n:24 p:4 part:[2, 2, 6, 14] csp:[[1, 2, 17, 22, 22, 23], [3, 4, 5, 6, 7, 8, 16, 17, 18, 18, 19, 20, 21, 21], [15, 24], [16, 23]] sum:15
n:24 p:4 part:[2, 2, 6, 14] csp:[[1, 1, 2, 20, 22, 23], [1, 3, 4, 5, 6, 7, 8, 16, 17, 18, 19, 20, 20, 21], [21, 24], [22, 23]] sum:21
n:24 p:4 part:[2, 2, 8, 12] csp:[[1, 2, 5, 7, 17, 22, 22, 23], [3, 24], [4, 23], [6, 8, 9, 10, 11, 12, 12, 13, 14, 15, 16, 21]] sum:3
n:24 p:4 part:[2, 2, 8, 12] csp:[[1, 2, 3, 11, 21, 22, 22, 23], [4, 5, 6, 7, 8, 12, 16, 17, 18, 19, 20, 21], [9, 24], [10, 23]] sum:9
n:24 p:4 part:[2, 2, 8, 12] csp:[[1, 2, 3, 17, 21, 22, 22, 23], [4, 5, 6, 7, 8, 16, 17, 18, 18, 19, 20, 21], [15, 24], [16, 23]] sum:15
n:24 p:4 part:[2, 2, 8, 12] csp:[[1, 1, 2, 3, 20, 21, 22, 23], [1, 4, 5, 6, 7, 8, 16, 17, 18, 19, 20, 20], [21, 24], [22, 23]] sum:21
n:24 p:4 part:[2, 2, 10, 10] csp:[[1, 2, 5, 7, 8, 16, 17, 22, 22, 23], [3, 24], [4, 23], [6, 9, 10, 11, 12, 12, 13, 14, 15, 21]] sum:3
n:24 p:4 part:[2, 2, 10, 10] csp:[[1, 2, 3, 4, 11, 20, 21, 22, 22, 23], [5, 6, 7, 8, 12, 16, 17, 18, 19, 21], [9, 24], [10, 23]] sum:9
n:24 p:4 part:[2, 2, 10, 10] csp:[[1, 2, 3, 4, 17, 20, 21, 22, 22, 23], [5, 6, 7, 8, 16, 17, 18, 18, 19, 21], [15, 24], [16, 23]] sum:15
n:24 p:4 part:[2, 2, 10, 10] csp:[[1, 1, 2, 3, 4, 20, 20, 21, 22, 23], [1, 5, 6, 7, 8, 16, 17, 18, 19, 20], [21, 24], [22, 23]] sum:21
n:24 p:4 part:[2, 4, 4, 14] csp:[[1, 4, 23, 23], [2, 5, 22, 22], [3, 24], [6, 7, 8, 9, 10, 11, 12, 12, 13, 14, 15, 16, 17, 21]] sum:3
n:24 p:4 part:[2, 4, 4, 14] csp:[[1, 10, 23, 23], [2, 11, 22, 22], [3, 4, 5, 6, 7, 8, 12, 16, 17, 18, 19, 20, 21, 21], [9, 24]] sum:9
n:24 p:4 part:[2, 4, 4, 14] csp:[[1, 16, 23, 23], [2, 17, 22, 22], [3, 4, 5, 6, 7, 8, 16, 17, 18, 18, 19, 20, 21, 21], [15, 24]] sum:15
n:24 p:4 part:[2, 4, 4, 14] csp:[[1, 2, 20, 22], [1, 3, 4, 5, 6, 7, 8, 16, 17, 18, 19, 20, 20, 21], [1, 22, 23, 23], [21, 24]] sum:21
n:24 p:4 part:[2, 4, 6, 12] csp:[[1, 4, 23, 23], [2, 5, 7, 17, 22, 22], [3, 24], [6, 8, 9, 10, 11, 12, 12, 13, 14, 15, 16, 21]] sum:3
n:24 p:4 part:[2, 4, 6, 12] csp:[[1, 10, 23, 23], [2, 3, 11, 21, 22, 22], [4, 5, 6, 7, 8, 12, 16, 17, 18, 19, 20, 21], [9, 24]] sum:9
n:24 p:4 part:[2, 4, 6, 12] csp:[[1, 16, 23, 23], [2, 3, 17, 21, 22, 22], [4, 5, 6, 7, 8, 16, 17, 18, 18, 19, 20, 21], [15, 24]] sum:15
n:24 p:4 part:[2, 4, 6, 12] csp:[[1, 2, 3, 20, 21, 22], [1, 4, 5, 6, 7, 8, 16, 17, 18, 19, 20, 20], [1, 22, 23, 23], [21, 24]] sum:21
n:24 p:4 part:[2, 4, 8, 10] csp:[[1, 4, 23, 23], [2, 5, 7, 8, 16, 17, 22, 22], [3, 24], [6, 9, 10, 11, 12, 12, 13, 14, 15, 21]] sum:3
n:24 p:4 part:[2, 4, 8, 10] csp:[[1, 10, 23, 23], [2, 3, 4, 11, 20, 21, 22, 22], [5, 6, 7, 8, 12, 16, 17, 18, 19, 21], [9, 24]] sum:9
n:24 p:4 part:[2, 4, 8, 10] csp:[[1, 16, 23, 23], [2, 3, 4, 17, 20, 21, 22, 22], [5, 6, 7, 8, 16, 17, 18, 18, 19, 21], [15, 24]] sum:15
n:24 p:4 part:[2, 4, 8, 10] csp:[[1, 2, 3, 4, 20, 20, 21, 22], [1, 5, 6, 7, 8, 16, 17, 18, 19, 20], [1, 22, 23, 23], [21, 24]] sum:21
n:24 p:4 part:[2, 6, 6, 10] csp:[[1, 2, 4, 22, 23, 23], [3, 24], [5, 7, 8, 16, 17, 22], [6, 9, 10, 11, 12, 12, 13, 14, 15, 21]] sum:3
n:24 p:4 part:[2, 6, 6, 10] csp:[[1, 2, 10, 22, 23, 23], [3, 4, 11, 20, 21, 22], [5, 6, 7, 8, 12, 16, 17, 18, 19, 21], [9, 24]] sum:9
n:24 p:4 part:[2, 6, 6, 10] csp:[[1, 2, 16, 22, 23, 23], [3, 4, 17, 20, 21, 22], [5, 6, 7, 8, 16, 17, 18, 18, 19, 21], [15, 24]] sum:15
n:24 p:4 part:[2, 6, 6, 10] csp:[[1, 2, 22, 22, 23, 23], [1, 3, 4, 20, 20, 21], [1, 5, 6, 7, 8, 16, 17, 18, 19, 20], [21, 24]] sum:21
n:24 p:4 part:[2, 6, 8, 8] csp:[[1, 2, 4, 22, 23, 23], [3, 24], [5, 7, 8, 9, 15, 16, 17, 22], [6, 10, 11, 12, 12, 13, 14, 21]] sum:3
n:24 p:4 part:[2, 6, 8, 8] csp:[[1, 2, 10, 22, 23, 23], [3, 4, 5, 11, 19, 20, 21, 22], [6, 7, 8, 12, 16, 17, 18, 21], [9, 24]] sum:9
n:24 p:4 part:[2, 6, 8, 8] csp:[[1, 2, 16, 22, 23, 23], [3, 4, 5, 17, 19, 20, 21, 22], [6, 7, 8, 16, 17, 18, 18, 21], [15, 24]] sum:15
n:24 p:4 part:[2, 6, 8, 8] csp:[[1, 2, 22, 22, 23, 23], [1, 3, 4, 5, 19, 20, 20, 21], [1, 6, 7, 8, 16, 17, 18, 20], [21, 24]] sum:21
n:24 p:4 part:[4, 4, 4, 12] csp:[[1, 3, 23, 24], [2, 4, 22, 23], [5, 7, 17, 22], [6, 8, 9, 10, 11, 12, 12, 13, 14, 15, 16, 21]] sum:3
n:24 p:4 part:[4, 4, 4, 12] csp:[[1, 9, 23, 24], [2, 10, 22, 23], [3, 11, 21, 22], [4, 5, 6, 7, 8, 12, 16, 17, 18, 19, 20, 21]] sum:9
n:24 p:4 part:[4, 4, 4, 12] csp:[[1, 15, 23, 24], [2, 16, 22, 23], [3, 17, 21, 22], [4, 5, 6, 7, 8, 16, 17, 18, 18, 19, 20, 21]] sum:15
n:24 p:4 part:[4, 4, 4, 12] csp:[[1, 3, 20, 21], [1, 4, 5, 6, 7, 8, 16, 17, 18, 19, 20, 20], [1, 21, 23, 24], [2, 22, 22, 23]] sum:21
n:24 p:4 part:[4, 4, 6, 10] csp:[[1, 3, 23, 24], [2, 4, 22, 23], [5, 7, 8, 16, 17, 22], [6, 9, 10, 11, 12, 12, 13, 14, 15, 21]] sum:3
n:24 p:4 part:[4, 4, 6, 10] csp:[[1, 9, 23, 24], [2, 10, 22, 23], [3, 4, 11, 20, 21, 22], [5, 6, 7, 8, 12, 16, 17, 18, 19, 21]] sum:9
n:24 p:4 part:[4, 4, 6, 10] csp:[[1, 15, 23, 24], [2, 16, 22, 23], [3, 4, 17, 20, 21, 22], [5, 6, 7, 8, 16, 17, 18, 18, 19, 21]] sum:15
n:24 p:4 part:[4, 4, 6, 10] csp:[[1, 3, 4, 20, 20, 21], [1, 5, 6, 7, 8, 16, 17, 18, 19, 20], [1, 21, 23, 24], [2, 22, 22, 23]] sum:21
n:24 p:4 part:[4, 4, 8, 8] csp:[[1, 3, 23, 24], [2, 4, 22, 23], [5, 7, 8, 9, 15, 16, 17, 22], [6, 10, 11, 12, 12, 13, 14, 21]] sum:3
n:24 p:4 part:[4, 4, 8, 8] csp:[[1, 9, 23, 24], [2, 10, 22, 23], [3, 4, 5, 11, 19, 20, 21, 22], [6, 7, 8, 12, 16, 17, 18, 21]] sum:9
n:24 p:4 part:[4, 4, 8, 8] csp:[[1, 15, 23, 24], [2, 16, 22, 23], [3, 4, 5, 17, 19, 20, 21, 22], [6, 7, 8, 16, 17, 18, 18, 21]] sum:15
n:24 p:4 part:[4, 4, 8, 8] csp:[[1, 3, 4, 5, 19, 20, 20, 21], [1, 6, 7, 8, 16, 17, 18, 20], [1, 21, 23, 24], [2, 22, 22, 23]] sum:21
n:24 p:4 part:[4, 6, 6, 8] csp:[[1, 3, 23, 24], [2, 4, 7, 17, 22, 23], [5, 8, 9, 15, 16, 22], [6, 10, 11, 12, 12, 13, 14, 21]] sum:3
n:24 p:4 part:[4, 6, 6, 8] csp:[[1, 9, 23, 24], [2, 3, 10, 21, 22, 23], [4, 5, 11, 19, 20, 22], [6, 7, 8, 12, 16, 17, 18, 21]] sum:9
n:24 p:4 part:[4, 6, 6, 8] csp:[[1, 15, 23, 24], [2, 3, 16, 21, 22, 23], [4, 5, 17, 19, 20, 22], [6, 7, 8, 16, 17, 18, 18, 21]] sum:15
n:24 p:4 part:[4, 6, 6, 8] csp:[[1, 4, 5, 19, 20, 20], [1, 6, 7, 8, 16, 17, 18, 20], [1, 21, 23, 24], [2, 3, 21, 22, 22, 23]] sum:21
n:24 p:4 part:[6, 6, 6, 6] csp:[[1, 2, 3, 22, 23, 24], [4, 7, 8, 16, 17, 23], [5, 9, 10, 14, 15, 22], [6, 11, 12, 12, 13, 21]] sum:3
n:24 p:4 part:[6, 6, 6, 6] csp:[[1, 2, 9, 22, 23, 24], [3, 4, 10, 20, 21, 23], [5, 6, 11, 18, 19, 22], [7, 8, 12, 16, 17, 21]] sum:9
n:24 p:4 part:[6, 6, 6, 6] csp:[[1, 2, 15, 22, 23, 24], [3, 4, 16, 20, 21, 23], [5, 6, 17, 18, 19, 22], [7, 8, 16, 17, 18, 21]] sum:15
n:24 p:4 part:[6, 6, 6, 6] csp:[[1, 2, 21, 22, 23, 24], [1, 5, 6, 18, 19, 20], [1, 7, 8, 16, 17, 20], [3, 4, 20, 21, 22, 23]] sum:21
n:24 p:3 part:[2, 2, 20] csp:[[1, 2, 3, 6, 7, 8, 9, 10, 11, 12, 12, 13, 14, 15, 16, 17, 21, 22, 22, 23], [4, 24], [5, 23]] sum:4
n:24 p:3 part:[2, 2, 20] csp:[[1, 2, 3, 4, 5, 6, 7, 8, 9, 14, 15, 16, 17, 18, 19, 20, 21, 22, 22, 23], [12, 24], [13, 23]] sum:12
n:24 p:3 part:[2, 2, 20] csp:[[1, 1, 2, 3, 4, 5, 6, 7, 8, 9, 15, 16, 17, 18, 19, 19, 20, 21, 22, 23], [20, 24], [21, 23]] sum:20
n:24 p:3 part:[2, 4, 18] csp:[[1, 5, 23, 23], [2, 3, 6, 7, 8, 9, 10, 11, 12, 12, 13, 14, 15, 16, 17, 21, 22, 22], [4, 24]] sum:4
n:24 p:3 part:[2, 4, 18] csp:[[1, 13, 23, 23], [2, 3, 4, 5, 6, 7, 8, 9, 14, 15, 16, 17, 18, 19, 20, 21, 22, 22], [12, 24]] sum:12
n:24 p:3 part:[2, 4, 18] csp:[[1, 2, 3, 4, 5, 6, 7, 8, 9, 15, 16, 17, 18, 19, 19, 20, 21, 22], [1, 21, 23, 23], [20, 24]] sum:20
n:24 p:3 part:[2, 6, 16] csp:[[1, 2, 5, 22, 23, 23], [3, 6, 7, 8, 9, 10, 11, 12, 12, 13, 14, 15, 16, 17, 21, 22], [4, 24]] sum:4
n:24 p:3 part:[2, 6, 16] csp:[[1, 2, 13, 22, 23, 23], [3, 4, 5, 6, 7, 8, 9, 14, 15, 16, 17, 18, 19, 20, 21, 22], [12, 24]] sum:12
n:24 p:3 part:[2, 6, 16] csp:[[1, 2, 21, 22, 23, 23], [1, 3, 4, 5, 6, 7, 8, 9, 15, 16, 17, 18, 19, 19, 20, 21], [20, 24]] sum:20
n:24 p:3 part:[2, 8, 14] csp:[[1, 2, 3, 5, 21, 22, 23, 23], [4, 24], [6, 7, 8, 9, 10, 11, 12, 12, 13, 14, 15, 16, 17, 22]] sum:4
n:24 p:3 part:[2, 8, 14] csp:[[1, 2, 3, 13, 21, 22, 23, 23], [4, 5, 6, 7, 8, 9, 14, 15, 16, 17, 18, 19, 20, 22], [12, 24]] sum:12
n:24 p:3 part:[2, 8, 14] csp:[[1, 2, 3, 21, 21, 22, 23, 23], [1, 4, 5, 6, 7, 8, 9, 15, 16, 17, 18, 19, 19, 20], [20, 24]] sum:20
n:24 p:3 part:[2, 10, 12] csp:[[1, 2, 3, 5, 7, 17, 21, 22, 23, 23], [4, 24], [6, 8, 9, 10, 11, 12, 12, 13, 14, 15, 16, 22]] sum:4
n:24 p:3 part:[2, 10, 12] csp:[[1, 2, 3, 4, 13, 20, 21, 22, 23, 23], [5, 6, 7, 8, 9, 14, 15, 16, 17, 18, 19, 22], [12, 24]] sum:12
n:24 p:3 part:[2, 10, 12] csp:[[1, 2, 3, 4, 20, 21, 21, 22, 23, 23], [1, 5, 6, 7, 8, 9, 15, 16, 17, 18, 19, 19], [20, 24]] sum:20
n:24 p:3 part:[4, 4, 16] csp:[[1, 4, 23, 24], [2, 5, 22, 23], [3, 6, 7, 8, 9, 10, 11, 12, 12, 13, 14, 15, 16, 17, 21, 22]] sum:4
n:24 p:3 part:[4, 4, 16] csp:[[1, 12, 23, 24], [2, 13, 22, 23], [3, 4, 5, 6, 7, 8, 9, 14, 15, 16, 17, 18, 19, 20, 21, 22]] sum:12
n:24 p:3 part:[4, 4, 16] csp:[[1, 3, 4, 5, 6, 7, 8, 9, 15, 16, 17, 18, 19, 19, 20, 21], [1, 20, 23, 24], [2, 21, 22, 23]] sum:20
n:24 p:3 part:[4, 6, 14] csp:[[1, 4, 23, 24], [2, 3, 5, 21, 22, 23], [6, 7, 8, 9, 10, 11, 12, 12, 13, 14, 15, 16, 17, 22]] sum:4
n:24 p:3 part:[4, 6, 14] csp:[[1, 12, 23, 24], [2, 3, 13, 21, 22, 23], [4, 5, 6, 7, 8, 9, 14, 15, 16, 17, 18, 19, 20, 22]] sum:12
n:24 p:3 part:[4, 6, 14] csp:[[1, 4, 5, 6, 7, 8, 9, 15, 16, 17, 18, 19, 19, 20], [1, 20, 23, 24], [2, 3, 21, 21, 22, 23]] sum:20
n:24 p:3 part:[4, 8, 12] csp:[[1, 4, 23, 24], [2, 3, 5, 7, 17, 21, 22, 23], [6, 8, 9, 10, 11, 12, 12, 13, 14, 15, 16, 22]] sum:4
n:24 p:3 part:[4, 8, 12] csp:[[1, 12, 23, 24], [2, 3, 4, 13, 20, 21, 22, 23], [5, 6, 7, 8, 9, 14, 15, 16, 17, 18, 19, 22]] sum:12
n:24 p:3 part:[4, 8, 12] csp:[[1, 5, 6, 7, 8, 9, 15, 16, 17, 18, 19, 19], [1, 20, 23, 24], [2, 3, 4, 20, 21, 21, 22, 23]] sum:20
n:24 p:3 part:[4, 10, 10] csp:[[1, 4, 23, 24], [2, 3, 5, 7, 8, 16, 17, 21, 22, 23], [6, 9, 10, 11, 12, 12, 13, 14, 15, 22]] sum:4
n:24 p:3 part:[4, 10, 10] csp:[[1, 12, 23, 24], [2, 3, 4, 5, 13, 19, 20, 21, 22, 23], [6, 7, 8, 9, 14, 15, 16, 17, 18, 22]] sum:12
n:24 p:3 part:[4, 10, 10] csp:[[1, 6, 7, 8, 9, 15, 16, 17, 18, 19], [1, 20, 23, 24], [2, 3, 4, 5, 19, 20, 21, 21, 22, 23]] sum:20
n:24 p:3 part:[6, 6, 12] csp:[[1, 2, 4, 22, 23, 24], [3, 5, 7, 17, 21, 23], [6, 8, 9, 10, 11, 12, 12, 13, 14, 15, 16, 22]] sum:4
n:24 p:3 part:[6, 6, 12] csp:[[1, 2, 12, 22, 23, 24], [3, 4, 13, 20, 21, 23], [5, 6, 7, 8, 9, 14, 15, 16, 17, 18, 19, 22]] sum:12
n:24 p:3 part:[6, 6, 12] csp:[[1, 2, 20, 22, 23, 24], [1, 5, 6, 7, 8, 9, 15, 16, 17, 18, 19, 19], [3, 4, 20, 21, 21, 23]] sum:20
n:24 p:3 part:[6, 8, 10] csp:[[1, 2, 4, 22, 23, 24], [3, 5, 7, 8, 16, 17, 21, 23], [6, 9, 10, 11, 12, 12, 13, 14, 15, 22]] sum:4
n:24 p:3 part:[6, 8, 10] csp:[[1, 2, 12, 22, 23, 24], [3, 4, 5, 13, 19, 20, 21, 23], [6, 7, 8, 9, 14, 15, 16, 17, 18, 22]] sum:12
n:24 p:3 part:[6, 8, 10] csp:[[1, 2, 20, 22, 23, 24], [1, 6, 7, 8, 9, 15, 16, 17, 18, 19], [3, 4, 5, 19, 20, 21, 21, 23]] sum:20
n:24 p:3 part:[8, 8, 8] csp:[[1, 2, 3, 4, 21, 22, 23, 24], [5, 7, 8, 9, 15, 16, 17, 23], [6, 10, 11, 12, 12, 13, 14, 22]] sum:4
n:24 p:3 part:[8, 8, 8] csp:[[1, 2, 3, 12, 21, 22, 23, 24], [4, 5, 6, 13, 18, 19, 20, 23], [7, 8, 9, 14, 15, 16, 17, 22]] sum:12
n:24 p:3 part:[8, 8, 8] csp:[[1, 2, 3, 20, 21, 22, 23, 24], [1, 7, 8, 9, 15, 16, 17, 19], [4, 5, 6, 18, 19, 20, 21, 23]] sum:20
n:24 p:2 part:[2, 22] csp:[[1, 2, 3, 4, 5, 7, 8, 9, 10, 11, 12, 12, 13, 14, 15, 16, 19, 20, 21, 22, 23, 23], [6, 24]] sum:6
n:24 p:2 part:[2, 22] csp:[[1, 2, 3, 4, 5, 6, 7, 8, 9, 10, 14, 15, 16, 17, 18, 19, 19, 20, 21, 22, 23, 23], [18, 24]] sum:18
n:24 p:2 part:[4, 20] csp:[[1, 6, 23, 24], [2, 3, 4, 5, 7, 8, 9, 10, 11, 12, 12, 13, 14, 15, 16, 19, 20, 21, 22, 23]] sum:6
n:24 p:2 part:[4, 20] csp:[[1, 18, 23, 24], [2, 3, 4, 5, 6, 7, 8, 9, 10, 14, 15, 16, 17, 18, 19, 19, 20, 21, 22, 23]] sum:18
n:24 p:2 part:[6, 18] csp:[[1, 2, 6, 22, 23, 24], [3, 4, 5, 7, 8, 9, 10, 11, 12, 12, 13, 14, 15, 16, 19, 20, 21, 23]] sum:6
n:24 p:2 part:[6, 18] csp:[[1, 2, 18, 22, 23, 24], [3, 4, 5, 6, 7, 8, 9, 10, 14, 15, 16, 17, 18, 19, 19, 20, 21, 23]] sum:18
n:24 p:2 part:[8, 16] csp:[[1, 2, 3, 6, 21, 22, 23, 24], [4, 5, 7, 8, 9, 10, 11, 12, 12, 13, 14, 15, 16, 19, 20, 23]] sum:6
n:24 p:2 part:[8, 16] csp:[[1, 2, 3, 18, 21, 22, 23, 24], [4, 5, 6, 7, 8, 9, 10, 14, 15, 16, 17, 18, 19, 19, 20, 23]] sum:18
n:24 p:2 part:[10, 14] csp:[[1, 2, 3, 4, 6, 20, 21, 22, 23, 24], [5, 7, 8, 9, 10, 11, 12, 12, 13, 14, 15, 16, 19, 23]] sum:6
n:24 p:2 part:[10, 14] csp:[[1, 2, 3, 4, 18, 20, 21, 22, 23, 24], [5, 6, 7, 8, 9, 10, 14, 15, 16, 17, 18, 19, 19, 23]] sum:18
n:24 p:2 part:[12, 12] csp:[[1, 2, 3, 4, 5, 6, 19, 20, 21, 22, 23, 24], [7, 8, 9, 10, 11, 12, 12, 13, 14, 15, 16, 23]] sum:6
n:24 p:2 part:[12, 12] csp:[[1, 2, 3, 4, 5, 18, 19, 20, 21, 22, 23, 24], [6, 7, 8, 9, 10, 14, 15, 16, 17, 18, 19, 23]] sum:18
n:24 p:1 part:[24] csp:[[1, 2, 3, 4, 5, 6, 7, 8, 9, 10, 11, 12, 13, 14, 15, 16, 17, 18, 19, 20, 21, 22, 23, 24]] sum:12
