Generating partitions.
---------------------------------------------------------------------------------------------------------
n:26 p:13 g:1 part:[[1, 26], [2, 25], [3, 24], [4, 23], [5, 22], [6, 21], [7, 20], [8, 19], [9, 18], [10, 17], [11, 16], [12, 15], [13, 14]]
n:26 p:13 g:3 part:[[3, 26], [4, 25], [5, 24], [6, 23], [7, 22], [8, 21], [9, 20], [10, 19], [11, 18], [12, 17], [13, 16], [14, 15], [1, 2]]
n:26 p:13 g:5 part:[[5, 26], [6, 25], [7, 24], [8, 23], [9, 22], [10, 21], [11, 20], [12, 19], [13, 18], [14, 17], [15, 16], [1, 4], [2, 3]]
n:26 p:13 g:7 part:[[7, 26], [8, 25], [9, 24], [10, 23], [11, 22], [12, 21], [13, 20], [14, 19], [15, 18], [16, 17], [1, 6], [2, 5], [3, 4]]
n:26 p:13 g:9 part:[[9, 26], [10, 25], [11, 24], [12, 23], [13, 22], [14, 21], [15, 20], [16, 19], [17, 18], [1, 8], [2, 7], [3, 6], [4, 5]]
n:26 p:13 g:11 part:[[11, 26], [12, 25], [13, 24], [14, 23], [15, 22], [16, 21], [17, 20], [18, 19], [1, 10], [2, 9], [3, 8], [4, 7], [5, 6]]
n:26 p:13 g:13 part:[[13, 26], [14, 25], [15, 24], [16, 23], [17, 22], [18, 21], [19, 20], [1, 12], [2, 11], [3, 10], [4, 9], [5, 8], [6, 7]]
n:26 p:13 g:15 part:[[15, 26], [16, 25], [17, 24], [18, 23], [19, 22], [20, 21], [1, 14], [2, 13], [3, 12], [4, 11], [5, 10], [6, 9], [7, 8]]
n:26 p:13 g:17 part:[[17, 26], [18, 25], [19, 24], [20, 23], [21, 22], [1, 16], [2, 15], [3, 14], [4, 13], [5, 12], [6, 11], [7, 10], [8, 9]]
n:26 p:13 g:19 part:[[19, 26], [20, 25], [21, 24], [22, 23], [1, 18], [2, 17], [3, 16], [4, 15], [5, 14], [6, 13], [7, 12], [8, 11], [9, 10]]
n:26 p:13 g:21 part:[[21, 26], [22, 25], [23, 24], [1, 20], [2, 19], [3, 18], [4, 17], [5, 16], [6, 15], [7, 14], [8, 13], [9, 12], [10, 11]]
n:26 p:13 g:23 part:[[23, 26], [24, 25], [1, 22], [2, 21], [3, 20], [4, 19], [5, 18], [6, 17], [7, 16], [8, 15], [9, 14], [10, 13], [11, 12]]
n:26 p:13 g:25 part:[[25, 26], [1, 24], [2, 23], [3, 22], [4, 21], [5, 20], [6, 19], [7, 18], [8, 17], [9, 16], [10, 15], [11, 14], [12, 13]]
n:26 p:11 g:13 part:[[13, 26], [14, 25], [15, 24], [16, 23], [17, 22], [18, 21], [19, 20], [1, 12], [2, 11], [3, 10], [4, 5, 6, 7, 8, 9]]
n:26 p:11 g:13 part:[[13, 26], [14, 25], [15, 24], [16, 23], [17, 22], [18, 21], [19, 20], [1, 12], [2, 11], [3, 10], [4, 5, 6, 7, 8, 9]]
n:26 p:9 g:13 part:[[13, 26], [14, 25], [15, 24], [16, 23], [17, 22], [18, 21], [19, 20], [1, 12], [2, 3, 4, 5, 6, 7, 8, 9, 10, 11]]
n:26 p:9 g:13 part:[[13, 26], [14, 25], [15, 24], [16, 23], [17, 22], [18, 21], [19, 20], [1, 12], [2, 3, 4, 5, 6, 7, 8, 9, 10, 11]]
n:26 p:9 g:13 part:[[13, 26], [14, 25], [15, 24], [16, 23], [17, 22], [18, 21], [19, 20], [1, 12], [2, 3, 4, 5, 6, 7, 8, 9, 10, 11]]
n:26 p:9 g:13 part:[[13, 26], [14, 25], [15, 24], [16, 23], [17, 22], [18, 21], [19, 20], [1, 12], [2, 3, 4, 5, 6, 7, 8, 9, 10, 11]]
n:26 p:9 g:13 part:[[13, 26], [14, 25], [15, 24], [16, 23], [17, 22], [18, 21], [19, 20], [1, 12], [2, 3, 4, 5, 6, 7, 8, 9, 10, 11]]
n:26 p:7 g:13 part:[[13, 26], [14, 25], [15, 24], [16, 23], [17, 22], [18, 21], [1, 2, 3, 4, 5, 6, 7, 8, 9, 10, 11, 12, 19, 20]]
n:26 p:7 g:13 part:[[13, 26], [14, 25], [15, 24], [16, 23], [17, 22], [18, 21], [1, 2, 3, 4, 5, 6, 7, 8, 9, 10, 11, 12, 19, 20]]
n:26 p:7 g:13 part:[[13, 26], [14, 25], [15, 24], [16, 23], [17, 22], [18, 21], [1, 2, 3, 4, 5, 6, 7, 8, 9, 10, 11, 12, 19, 20]]
n:26 p:7 g:13 part:[[13, 26], [14, 25], [15, 24], [16, 23], [17, 22], [18, 21], [1, 2, 3, 4, 5, 6, 7, 8, 9, 10, 11, 12, 19, 20]]
n:26 p:7 g:13 part:[[13, 26], [14, 25], [15, 24], [16, 23], [17, 22], [18, 21], [1, 2, 3, 4, 5, 6, 7, 8, 9, 10, 11, 12, 19, 20]]
n:26 p:7 g:13 part:[[13, 26], [14, 25], [15, 24], [16, 23], [17, 22], [18, 21], [1, 2, 3, 4, 5, 6, 7, 8, 9, 10, 11, 12, 19, 20]]
n:26 p:7 g:13 part:[[13, 26], [14, 25], [15, 24], [16, 23], [17, 22], [18, 21], [1, 2, 3, 4, 5, 6, 7, 8, 9, 10, 11, 12, 19, 20]]
n:26 p:7 g:13 part:[[13, 26], [14, 25], [15, 24], [16, 23], [17, 22], [18, 21], [1, 2, 3, 4, 5, 6, 7, 8, 9, 10, 11, 12, 19, 20]]
n:26 p:7 g:13 part:[[13, 26], [14, 25], [15, 24], [16, 23], [17, 22], [18, 21], [1, 2, 3, 4, 5, 6, 7, 8, 9, 10, 11, 12, 19, 20]]
n:26 p:7 g:13 part:[[13, 26], [14, 25], [15, 24], [16, 23], [17, 22], [18, 21], [1, 2, 3, 4, 5, 6, 7, 8, 9, 10, 11, 12, 19, 20]]
n:26 p:7 g:13 part:[[13, 26], [14, 25], [15, 24], [16, 23], [17, 22], [18, 21], [1, 2, 3, 4, 5, 6, 7, 8, 9, 10, 11, 12, 19, 20]]
n:26 p:5 g:13 part:[[13, 26], [14, 25], [15, 24], [16, 23], [1, 2, 3, 4, 5, 6, 7, 8, 9, 10, 11, 12, 17, 18, 19, 20, 21, 22]]
n:26 p:5 g:13 part:[[13, 26], [14, 25], [15, 24], [5, 16, 21, 23], [1, 2, 3, 4, 6, 7, 8, 9, 10, 11, 12, 17, 18, 19, 20, 22]]
n:26 p:5 g:13 part:[[13, 26], [14, 25], [15, 24], [5, 7, 16, 19, 21, 23], [1, 2, 3, 4, 6, 8, 9, 10, 11, 12, 17, 18, 20, 22]]
n:26 p:5 g:13 part:[[13, 26], [14, 25], [15, 24], [5, 7, 8, 16, 18, 19, 21, 23], [1, 2, 3, 4, 6, 9, 10, 11, 12, 17, 20, 22]]
n:26 p:5 g:13 part:[[13, 26], [14, 25], [15, 24], [5, 7, 8, 16, 18, 19, 21, 23], [1, 2, 3, 4, 6, 9, 10, 11, 12, 17, 20, 22]]
n:26 p:5 g:13 part:[[13, 26], [14, 25], [5, 15, 21, 24], [6, 16, 20, 23], [1, 2, 3, 4, 7, 8, 9, 10, 11, 12, 17, 18, 19, 22]]
n:26 p:5 g:13 part:[[13, 26], [14, 25], [5, 15, 21, 24], [6, 8, 16, 18, 20, 23], [1, 2, 3, 4, 7, 9, 10, 11, 12, 17, 19, 22]]
n:26 p:5 g:13 part:[[13, 26], [14, 25], [5, 15, 21, 24], [6, 7, 8, 16, 18, 19, 20, 23], [1, 2, 3, 4, 9, 10, 11, 12, 17, 22]]
n:26 p:5 g:13 part:[[13, 26], [14, 25], [5, 7, 15, 19, 21, 24], [6, 8, 16, 18, 20, 23], [1, 2, 3, 4, 9, 10, 11, 12, 17, 22]]
n:26 p:5 g:13 part:[[13, 26], [14, 25], [5, 7, 15, 19, 21, 24], [6, 8, 16, 18, 20, 23], [1, 2, 3, 4, 9, 10, 11, 12, 17, 22]]
n:26 p:5 g:13 part:[[13, 26], [5, 14, 21, 25], [6, 15, 20, 24], [7, 16, 19, 23], [1, 2, 3, 4, 8, 9, 10, 11, 12, 17, 18, 22]]
n:26 p:5 g:13 part:[[13, 26], [5, 14, 21, 25], [6, 15, 20, 24], [7, 8, 16, 18, 19, 23], [1, 2, 3, 4, 9, 10, 11, 12, 17, 22]]
n:26 p:5 g:13 part:[[13, 26], [5, 14, 21, 25], [6, 15, 20, 24], [7, 8, 16, 18, 19, 23], [1, 2, 3, 4, 9, 10, 11, 12, 17, 22]]
n:26 p:5 g:13 part:[[13, 26], [5, 14, 21, 25], [7, 16, 19, 23], [6, 8, 15, 18, 20, 24], [1, 2, 3, 4, 9, 10, 11, 12, 17, 22]]
n:26 p:5 g:13 part:[[13, 26], [16, 23], [5, 7, 14, 19, 21, 25], [6, 8, 15, 18, 20, 24], [1, 2, 3, 4, 9, 10, 11, 12, 17, 22]]
n:26 p:5 g:13 part:[[5, 13, 21, 26], [6, 14, 20, 25], [7, 15, 19, 24], [8, 16, 18, 23], [1, 2, 3, 4, 9, 10, 11, 12, 17, 22]]
n:26 p:5 g:13 part:[[5, 13, 21, 26], [6, 14, 20, 25], [7, 15, 19, 24], [8, 16, 18, 23], [1, 2, 3, 4, 9, 10, 11, 12, 17, 22]]
n:26 p:5 g:13 part:[[16, 23], [5, 13, 21, 26], [6, 14, 20, 25], [7, 8, 15, 18, 19, 24], [1, 2, 3, 4, 9, 10, 11, 12, 17, 22]]
n:26 p:3 g:13 part:[[13, 26], [14, 25], [1, 2, 3, 4, 5, 6, 7, 8, 9, 10, 11, 12, 15, 16, 17, 18, 19, 20, 21, 22, 23, 24]]
n:26 p:3 g:13 part:[[13, 26], [3, 14, 23, 25], [1, 2, 4, 5, 6, 7, 8, 9, 10, 11, 12, 15, 16, 17, 18, 19, 20, 21, 22, 24]]
n:26 p:3 g:13 part:[[13, 26], [3, 5, 14, 21, 23, 25], [1, 2, 4, 6, 7, 8, 9, 10, 11, 12, 15, 16, 17, 18, 19, 20, 22, 24]]
n:26 p:3 g:13 part:[[13, 26], [3, 5, 7, 14, 19, 21, 23, 25], [1, 2, 4, 6, 8, 9, 10, 11, 12, 15, 16, 17, 18, 20, 22, 24]]
n:26 p:3 g:13 part:[[13, 26], [3, 5, 7, 9, 14, 17, 19, 21, 23, 25], [1, 2, 4, 6, 8, 10, 11, 12, 15, 16, 18, 20, 22, 24]]
n:26 p:3 g:13 part:[[13, 26], [3, 5, 7, 9, 10, 14, 16, 17, 19, 21, 23, 25], [1, 2, 4, 6, 8, 11, 12, 15, 18, 20, 22, 24]]
n:26 p:3 g:13 part:[[3, 13, 23, 26], [4, 14, 22, 25], [1, 2, 5, 6, 7, 8, 9, 10, 11, 12, 15, 16, 17, 18, 19, 20, 21, 24]]
n:26 p:3 g:13 part:[[3, 13, 23, 26], [4, 6, 14, 20, 22, 25], [1, 2, 5, 7, 8, 9, 10, 11, 12, 15, 16, 17, 18, 19, 21, 24]]
n:26 p:3 g:13 part:[[3, 13, 23, 26], [4, 6, 8, 14, 18, 20, 22, 25], [1, 2, 5, 7, 9, 10, 11, 12, 15, 16, 17, 19, 21, 24]]
n:26 p:3 g:13 part:[[3, 13, 23, 26], [4, 6, 8, 10, 14, 16, 18, 20, 22, 25], [1, 2, 5, 7, 9, 11, 12, 15, 17, 19, 21, 24]]
n:26 p:3 g:13 part:[[3, 5, 13, 21, 23, 26], [4, 7, 14, 19, 22, 25], [1, 2, 6, 8, 9, 10, 11, 12, 15, 16, 17, 18, 20, 24]]
n:26 p:3 g:13 part:[[3, 5, 13, 21, 23, 26], [4, 7, 9, 14, 17, 19, 22, 25], [1, 2, 6, 8, 10, 11, 12, 15, 16, 18, 20, 24]]
n:26 p:3 g:13 part:[[3, 5, 13, 21, 23, 26], [4, 7, 9, 10, 14, 16, 17, 19, 22, 25], [1, 2, 6, 8, 11, 12, 15, 18, 20, 24]]
n:26 p:3 g:13 part:[[3, 5, 7, 13, 19, 21, 23, 26], [4, 8, 10, 14, 16, 18, 22, 25], [1, 2, 6, 9, 11, 12, 15, 17, 20, 24]]
n:26 p:1 g:13 part:[[1, 2, 3, 4, 5, 6, 7, 8, 9, 10, 11, 12, 13, 14, 15, 16, 17, 18, 19, 20, 21, 22, 23, 24, 25, 26]]
