Generating partitions.
---------------------------------------------------------------------------------------------------------
n:28 p:14 g:1 part:[[1, 28], [2, 27], [3, 26], [4, 25], [5, 24], [6, 23], [7, 22], [8, 21], [9, 20], [10, 19], [11, 18], [12, 17], [13, 16], [14, 15]]
n:28 p:14 g:3 part:[[3, 28], [4, 27], [5, 26], [6, 25], [7, 24], [8, 23], [9, 22], [10, 21], [11, 20], [12, 19], [13, 18], [14, 17], [15, 16], [1, 2]]
n:28 p:14 g:5 part:[[5, 28], [6, 27], [7, 26], [8, 25], [9, 24], [10, 23], [11, 22], [12, 21], [13, 20], [14, 19], [15, 18], [16, 17], [1, 4], [2, 3]]
n:28 p:14 g:7 part:[[7, 28], [8, 27], [9, 26], [10, 25], [11, 24], [12, 23], [13, 22], [14, 21], [15, 20], [16, 19], [17, 18], [1, 6], [2, 5], [3, 4]]
n:28 p:14 g:9 part:[[9, 28], [10, 27], [11, 26], [12, 25], [13, 24], [14, 23], [15, 22], [16, 21], [17, 20], [18, 19], [1, 8], [2, 7], [3, 6], [4, 5]]
n:28 p:14 g:11 part:[[11, 28], [12, 27], [13, 26], [14, 25], [15, 24], [16, 23], [17, 22], [18, 21], [19, 20], [1, 10], [2, 9], [3, 8], [4, 7], [5, 6]]
n:28 p:14 g:13 part:[[13, 28], [14, 27], [15, 26], [16, 25], [17, 24], [18, 23], [19, 22], [20, 21], [1, 12], [2, 11], [3, 10], [4, 9], [5, 8], [6, 7]]
n:28 p:14 g:15 part:[[15, 28], [16, 27], [17, 26], [18, 25], [19, 24], [20, 23], [21, 22], [1, 14], [2, 13], [3, 12], [4, 11], [5, 10], [6, 9], [7, 8]]
n:28 p:14 g:17 part:[[17, 28], [18, 27], [19, 26], [20, 25], [21, 24], [22, 23], [1, 16], [2, 15], [3, 14], [4, 13], [5, 12], [6, 11], [7, 10], [8, 9]]
n:28 p:14 g:19 part:[[19, 28], [20, 27], [21, 26], [22, 25], [23, 24], [1, 18], [2, 17], [3, 16], [4, 15], [5, 14], [6, 13], [7, 12], [8, 11], [9, 10]]
n:28 p:14 g:21 part:[[21, 28], [22, 27], [23, 26], [24, 25], [1, 20], [2, 19], [3, 18], [4, 17], [5, 16], [6, 15], [7, 14], [8, 13], [9, 12], [10, 11]]
n:28 p:14 g:23 part:[[23, 28], [24, 27], [25, 26], [1, 22], [2, 21], [3, 20], [4, 19], [5, 18], [6, 17], [7, 16], [8, 15], [9, 14], [10, 13], [11, 12]]
n:28 p:14 g:25 part:[[25, 28], [26, 27], [1, 24], [2, 23], [3, 22], [4, 21], [5, 20], [6, 19], [7, 18], [8, 17], [9, 16], [10, 15], [11, 14], [12, 13]]
n:28 p:14 g:27 part:[[27, 28], [1, 26], [2, 25], [3, 24], [4, 23], [5, 22], [6, 21], [7, 20], [8, 19], [9, 18], [10, 17], [11, 16], [12, 15], [13, 14]]
n:28 p:13 g:14 part:[[14, 28], [15, 27], [16, 26], [17, 25], [18, 24], [19, 23], [20, 22], [1, 13], [2, 12], [3, 11], [4, 10], [5, 9], [6, 7, 8, 21]]
n:28 p:11 g:14 part:[[14, 28], [15, 27], [16, 26], [17, 25], [18, 24], [19, 23], [20, 22], [1, 13], [2, 12], [3, 11], [4, 5, 6, 7, 8, 9, 10, 21]]
n:28 p:11 g:14 part:[[14, 28], [15, 27], [16, 26], [17, 25], [18, 24], [19, 23], [20, 22], [1, 13], [2, 12], [3, 7, 11, 21], [4, 5, 6, 8, 9, 10]]
n:28 p:11 g:14 part:[[14, 28], [15, 27], [16, 26], [17, 25], [18, 24], [19, 23], [20, 22], [1, 13], [3, 11], [2, 7, 12, 21], [4, 5, 6, 8, 9, 10]]
n:28 p:10 g:7 part:[[7, 28], [8, 27], [9, 26], [10, 25], [11, 24], [12, 23], [13, 22], [14, 21], [15, 20], [1, 2, 3, 4, 5, 6, 16, 17, 18, 19]]
n:28 p:10 g:21 part:[[21, 28], [22, 27], [23, 26], [24, 25], [1, 20], [2, 19], [3, 18], [4, 17], [5, 16], [6, 7, 8, 9, 10, 11, 12, 13, 14, 15]]
n:28 p:10 g:7 part:[[7, 28], [8, 27], [9, 26], [10, 25], [11, 24], [12, 23], [13, 22], [14, 21], [15, 20], [1, 2, 3, 4, 5, 6, 16, 17, 18, 19]]
n:28 p:10 g:21 part:[[21, 28], [22, 27], [23, 26], [24, 25], [1, 20], [2, 19], [3, 18], [4, 17], [5, 16], [6, 7, 8, 9, 10, 11, 12, 13, 14, 15]]
n:28 p:10 g:7 part:[[7, 28], [8, 27], [9, 26], [10, 25], [11, 24], [12, 23], [13, 22], [14, 21], [15, 20], [1, 2, 3, 4, 5, 6, 16, 17, 18, 19]]
n:28 p:10 g:21 part:[[21, 28], [22, 27], [23, 26], [24, 25], [1, 20], [2, 19], [3, 18], [4, 17], [5, 16], [6, 7, 8, 9, 10, 11, 12, 13, 14, 15]]
n:28 p:10 g:7 part:[[7, 28], [8, 27], [9, 26], [10, 25], [11, 24], [12, 23], [13, 22], [14, 21], [15, 20], [1, 2, 3, 4, 5, 6, 16, 17, 18, 19]]
n:28 p:10 g:21 part:[[21, 28], [22, 27], [23, 26], [24, 25], [1, 20], [2, 19], [3, 18], [4, 17], [5, 16], [6, 7, 8, 9, 10, 11, 12, 13, 14, 15]]
n:28 p:10 g:7 part:[[7, 28], [8, 27], [9, 26], [10, 25], [11, 24], [12, 23], [13, 22], [14, 21], [15, 20], [1, 2, 3, 4, 5, 6, 16, 17, 18, 19]]
n:28 p:10 g:21 part:[[21, 28], [22, 27], [23, 26], [24, 25], [1, 20], [2, 19], [3, 18], [4, 17], [5, 16], [6, 7, 8, 9, 10, 11, 12, 13, 14, 15]]
n:28 p:9 g:14 part:[[14, 28], [15, 27], [16, 26], [17, 25], [18, 24], [19, 23], [20, 22], [1, 13], [2, 3, 4, 5, 6, 7, 8, 9, 10, 11, 12, 21]]
n:28 p:9 g:14 part:[[14, 28], [15, 27], [16, 26], [17, 25], [18, 24], [19, 23], [20, 22], [1, 7, 13, 21], [2, 3, 4, 5, 6, 8, 9, 10, 11, 12]]
n:28 p:9 g:14 part:[[14, 28], [15, 27], [16, 26], [17, 25], [18, 24], [19, 23], [20, 22], [1, 7, 13, 21], [2, 3, 4, 5, 6, 8, 9, 10, 11, 12]]
n:28 p:9 g:14 part:[[14, 28], [15, 27], [16, 26], [17, 25], [18, 24], [19, 23], [1, 13], [7, 20, 21, 22], [2, 3, 4, 5, 6, 8, 9, 10, 11, 12]]
n:28 p:9 g:14 part:[[14, 28], [15, 27], [16, 26], [17, 25], [18, 24], [19, 23], [1, 13], [7, 20, 21, 22], [2, 3, 4, 5, 6, 8, 9, 10, 11, 12]]
n:28 p:9 g:14 part:[[14, 28], [15, 27], [16, 26], [17, 25], [18, 24], [20, 22], [1, 13], [7, 19, 21, 23], [2, 3, 4, 5, 6, 8, 9, 10, 11, 12]]
n:28 p:9 g:14 part:[[14, 28], [15, 27], [16, 26], [17, 25], [19, 23], [20, 22], [1, 13], [7, 18, 21, 24], [2, 3, 4, 5, 6, 8, 9, 10, 11, 12]]
n:28 p:7 g:2 part:[[2, 28], [3, 27], [4, 26], [5, 25], [6, 24], [7, 23], [1, 8, 9, 10, 11, 12, 13, 14, 15, 16, 17, 18, 19, 20, 21, 22]]
n:28 p:7 g:6 part:[[6, 28], [7, 27], [8, 26], [9, 25], [10, 24], [11, 23], [1, 2, 3, 4, 5, 12, 13, 14, 15, 16, 17, 18, 19, 20, 21, 22]]
n:28 p:7 g:10 part:[[10, 28], [11, 27], [12, 26], [13, 25], [14, 24], [15, 23], [1, 2, 3, 4, 5, 6, 7, 8, 9, 16, 17, 18, 19, 20, 21, 22]]
n:28 p:7 g:14 part:[[14, 28], [15, 27], [16, 26], [17, 25], [18, 24], [19, 23], [1, 2, 3, 4, 5, 6, 7, 8, 9, 10, 11, 12, 13, 20, 21, 22]]
n:28 p:7 g:18 part:[[18, 28], [19, 27], [20, 26], [21, 25], [22, 24], [1, 17], [2, 3, 4, 5, 6, 7, 8, 9, 10, 11, 12, 13, 14, 15, 16, 23]]
n:28 p:7 g:22 part:[[22, 28], [23, 27], [24, 26], [1, 21], [2, 20], [3, 19], [4, 5, 6, 7, 8, 9, 10, 11, 12, 13, 14, 15, 16, 17, 18, 25]]
n:28 p:7 g:26 part:[[26, 28], [1, 25], [2, 24], [3, 23], [4, 22], [5, 21], [6, 7, 8, 9, 10, 11, 12, 13, 14, 15, 16, 17, 18, 19, 20, 27]]
n:28 p:7 g:2 part:[[2, 28], [3, 27], [4, 26], [5, 25], [6, 24], [7, 9, 19, 23], [1, 8, 10, 11, 12, 13, 14, 15, 16, 17, 18, 20, 21, 22]]
n:28 p:7 g:6 part:[[6, 28], [7, 27], [8, 26], [9, 25], [10, 24], [11, 13, 15, 23], [1, 2, 3, 4, 5, 12, 14, 16, 17, 18, 19, 20, 21, 22]]
n:28 p:7 g:10 part:[[10, 28], [11, 27], [12, 26], [13, 25], [14, 24], [7, 15, 21, 23], [1, 2, 3, 4, 5, 6, 8, 9, 16, 17, 18, 19, 20, 22]]
n:28 p:7 g:14 part:[[14, 28], [15, 27], [16, 26], [17, 25], [18, 24], [7, 19, 21, 23], [1, 2, 3, 4, 5, 6, 8, 9, 10, 11, 12, 13, 20, 22]]
n:28 p:7 g:18 part:[[18, 28], [19, 27], [20, 26], [21, 25], [22, 24], [1, 5, 17, 23], [2, 3, 4, 6, 7, 8, 9, 10, 11, 12, 13, 14, 15, 16]]
n:28 p:7 g:22 part:[[22, 28], [23, 27], [24, 26], [1, 21], [2, 20], [3, 11, 17, 19], [4, 5, 6, 7, 8, 9, 10, 12, 13, 14, 15, 16, 18, 25]]
n:28 p:7 g:26 part:[[26, 28], [1, 25], [2, 24], [3, 23], [4, 22], [5, 9, 19, 21], [6, 7, 8, 10, 11, 12, 13, 14, 15, 16, 17, 18, 20, 27]]
n:28 p:7 g:2 part:[[2, 28], [3, 27], [4, 26], [5, 25], [6, 24], [7, 9, 11, 17, 19, 23], [1, 8, 10, 12, 13, 14, 15, 16, 18, 20, 21, 22]]
n:28 p:7 g:6 part:[[6, 28], [7, 27], [8, 26], [9, 25], [10, 24], [11, 13, 15, 23], [1, 2, 3, 4, 5, 12, 14, 16, 17, 18, 19, 20, 21, 22]]
n:28 p:7 g:10 part:[[10, 28], [11, 27], [12, 26], [13, 25], [14, 24], [7, 9, 15, 19, 21, 23], [1, 2, 3, 4, 5, 6, 8, 16, 17, 18, 20, 22]]
n:28 p:7 g:14 part:[[14, 28], [15, 27], [16, 26], [17, 25], [18, 24], [7, 19, 21, 23], [1, 2, 3, 4, 5, 6, 8, 9, 10, 11, 12, 13, 20, 22]]
n:28 p:7 g:18 part:[[18, 28], [19, 27], [20, 26], [21, 25], [22, 24], [1, 5, 13, 15, 17, 23], [2, 3, 4, 6, 7, 8, 9, 10, 11, 12, 14, 16]]
n:28 p:7 g:22 part:[[22, 28], [23, 27], [24, 26], [1, 21], [2, 20], [3, 11, 13, 15, 17, 19], [4, 5, 6, 7, 8, 9, 10, 12, 14, 16, 18, 25]]
n:28 p:7 g:26 part:[[26, 28], [1, 25], [2, 24], [3, 23], [4, 22], [5, 9, 11, 17, 19, 21], [6, 7, 8, 10, 12, 13, 14, 15, 16, 18, 20, 27]]
n:28 p:7 g:2 part:[[2, 28], [3, 27], [4, 26], [5, 25], [6, 24], [7, 9, 11, 13, 15, 17, 19, 23], [1, 8, 10, 12, 14, 16, 18, 20, 21, 22]]
n:28 p:7 g:6 part:[[6, 28], [7, 27], [8, 26], [9, 25], [10, 24], [11, 13, 15, 23], [1, 2, 3, 4, 5, 12, 14, 16, 17, 18, 19, 20, 21, 22]]
n:28 p:7 g:10 part:[[10, 28], [11, 27], [12, 26], [13, 25], [14, 24], [7, 8, 9, 15, 19, 20, 21, 23], [1, 2, 3, 4, 5, 6, 16, 17, 18, 22]]
n:28 p:7 g:14 part:[[14, 28], [15, 27], [16, 26], [17, 25], [18, 24], [7, 19, 21, 23], [1, 2, 3, 4, 5, 6, 8, 9, 10, 11, 12, 13, 20, 22]]
n:28 p:7 g:18 part:[[18, 28], [19, 27], [20, 26], [21, 25], [22, 24], [1, 5, 13, 15, 17, 23], [2, 3, 4, 6, 7, 8, 9, 10, 11, 12, 14, 16]]
n:28 p:7 g:22 part:[[22, 28], [23, 27], [24, 26], [1, 21], [2, 20], [3, 11, 12, 13, 15, 16, 17, 19], [4, 5, 6, 7, 8, 9, 10, 14, 18, 25]]
n:28 p:7 g:26 part:[[26, 28], [1, 25], [2, 24], [3, 23], [4, 22], [5, 9, 11, 13, 15, 17, 19, 21], [6, 7, 8, 10, 12, 14, 16, 18, 20, 27]]
n:28 p:7 g:2 part:[[2, 28], [3, 27], [4, 26], [5, 25], [6, 9, 19, 24], [7, 10, 18, 23], [1, 8, 11, 12, 13, 14, 15, 16, 17, 20, 21, 22]]
n:28 p:7 g:6 part:[[6, 28], [7, 27], [8, 26], [9, 25], [11, 23], [10, 13, 15, 24], [1, 2, 3, 4, 5, 12, 14, 16, 17, 18, 19, 20, 21, 22]]
n:28 p:7 g:10 part:[[10, 28], [11, 27], [12, 26], [13, 25], [7, 14, 21, 24], [8, 15, 20, 23], [1, 2, 3, 4, 5, 6, 9, 16, 17, 18, 19, 22]]
n:28 p:7 g:14 part:[[14, 28], [15, 27], [16, 26], [17, 25], [19, 23], [7, 18, 21, 24], [1, 2, 3, 4, 5, 6, 8, 9, 10, 11, 12, 13, 20, 22]]
n:28 p:7 g:18 part:[[18, 28], [19, 27], [20, 26], [21, 25], [5, 22, 23, 24], [1, 13, 15, 17], [2, 3, 4, 6, 7, 8, 9, 10, 11, 12, 14, 16]]
n:28 p:7 g:22 part:[[22, 28], [23, 27], [24, 26], [1, 21], [2, 11, 17, 20], [3, 12, 16, 19], [4, 5, 6, 7, 8, 9, 10, 13, 14, 15, 18, 25]]
n:28 p:7 g:26 part:[[26, 28], [1, 25], [2, 24], [3, 23], [4, 9, 19, 22], [5, 10, 18, 21], [6, 7, 8, 11, 12, 13, 14, 15, 16, 17, 20, 27]]
n:28 p:7 g:2 part:[[2, 28], [3, 27], [4, 26], [5, 25], [6, 9, 19, 24], [7, 10, 12, 16, 18, 23], [1, 8, 11, 13, 14, 15, 17, 20, 21, 22]]
n:28 p:7 g:6 part:[[6, 28], [7, 27], [8, 26], [9, 25], [11, 23], [10, 13, 15, 24], [1, 2, 3, 4, 5, 12, 14, 16, 17, 18, 19, 20, 21, 22]]
n:28 p:7 g:10 part:[[10, 28], [11, 27], [12, 26], [13, 25], [7, 14, 21, 24], [8, 9, 15, 19, 20, 23], [1, 2, 3, 4, 5, 6, 16, 17, 18, 22]]
n:28 p:7 g:14 part:[[14, 28], [15, 27], [16, 26], [17, 25], [19, 23], [7, 18, 21, 24], [1, 2, 3, 4, 5, 6, 8, 9, 10, 11, 12, 13, 20, 22]]
n:28 p:7 g:18 part:[[18, 28], [19, 27], [20, 26], [21, 25], [5, 22, 23, 24], [1, 13, 15, 17], [2, 3, 4, 6, 7, 8, 9, 10, 11, 12, 14, 16]]
n:28 p:7 g:22 part:[[22, 28], [23, 27], [24, 26], [1, 21], [2, 11, 17, 20], [3, 12, 13, 15, 16, 19], [4, 5, 6, 7, 8, 9, 10, 14, 18, 25]]
n:28 p:7 g:26 part:[[26, 28], [1, 25], [2, 24], [3, 23], [4, 9, 19, 22], [5, 10, 12, 16, 18, 21], [6, 7, 8, 11, 13, 14, 15, 17, 20, 27]]
n:28 p:7 g:2 part:[[2, 28], [3, 27], [4, 26], [5, 25], [6, 9, 19, 24], [7, 10, 12, 13, 15, 16, 18, 23], [1, 8, 11, 14, 17, 20, 21, 22]]
n:28 p:7 g:6 part:[[6, 28], [7, 27], [8, 26], [9, 25], [11, 23], [10, 13, 15, 24], [1, 2, 3, 4, 5, 12, 14, 16, 17, 18, 19, 20, 21, 22]]
n:28 p:7 g:10 part:[[10, 28], [11, 27], [12, 26], [13, 25], [7, 14, 21, 24], [8, 9, 15, 19, 20, 23], [1, 2, 3, 4, 5, 6, 16, 17, 18, 22]]
n:28 p:7 g:14 part:[[14, 28], [15, 27], [16, 26], [17, 25], [19, 23], [7, 18, 21, 24], [1, 2, 3, 4, 5, 6, 8, 9, 10, 11, 12, 13, 20, 22]]
n:28 p:7 g:18 part:[[18, 28], [19, 27], [20, 26], [21, 25], [5, 22, 23, 24], [1, 13, 15, 17], [2, 3, 4, 6, 7, 8, 9, 10, 11, 12, 14, 16]]
n:28 p:7 g:22 part:[[22, 28], [23, 27], [24, 26], [1, 21], [2, 11, 17, 20], [3, 12, 13, 15, 16, 19], [4, 5, 6, 7, 8, 9, 10, 14, 18, 25]]
n:28 p:7 g:26 part:[[26, 28], [1, 25], [2, 24], [3, 23], [4, 9, 19, 22], [5, 10, 12, 13, 15, 16, 18, 21], [6, 7, 8, 11, 14, 17, 20, 27]]
n:28 p:7 g:2 part:[[2, 28], [3, 27], [4, 26], [5, 25], [6, 9, 11, 17, 19, 24], [7, 10, 13, 15, 18, 23], [1, 8, 12, 14, 16, 20, 21, 22]]
n:28 p:7 g:6 part:[[6, 28], [7, 27], [8, 26], [9, 25], [11, 23], [10, 13, 15, 24], [1, 2, 3, 4, 5, 12, 14, 16, 17, 18, 19, 20, 21, 22]]
n:28 p:7 g:10 part:[[10, 28], [11, 27], [12, 26], [13, 25], [8, 15, 20, 23], [7, 9, 14, 19, 21, 24], [1, 2, 3, 4, 5, 6, 16, 17, 18, 22]]
n:28 p:7 g:14 part:[[14, 28], [15, 27], [16, 26], [17, 25], [19, 23], [7, 18, 21, 24], [1, 2, 3, 4, 5, 6, 8, 9, 10, 11, 12, 13, 20, 22]]
n:28 p:7 g:18 part:[[18, 28], [19, 27], [20, 26], [21, 25], [1, 17], [5, 13, 15, 22, 23, 24], [2, 3, 4, 6, 7, 8, 9, 10, 11, 12, 14, 16]]
n:28 p:7 g:22 part:[[22, 28], [23, 27], [24, 26], [1, 21], [3, 12, 16, 19], [2, 11, 13, 15, 17, 20], [4, 5, 6, 7, 8, 9, 10, 14, 18, 25]]
n:28 p:7 g:26 part:[[26, 28], [1, 25], [2, 24], [3, 23], [4, 9, 11, 17, 19, 22], [5, 10, 13, 15, 18, 21], [6, 7, 8, 12, 14, 16, 20, 27]]
n:28 p:7 g:2 part:[[2, 28], [3, 27], [4, 26], [5, 9, 19, 25], [6, 10, 18, 24], [7, 11, 17, 23], [1, 8, 12, 13, 14, 15, 16, 20, 21, 22]]
n:28 p:7 g:6 part:[[6, 28], [7, 27], [8, 26], [10, 24], [11, 23], [9, 13, 15, 25], [1, 2, 3, 4, 5, 12, 14, 16, 17, 18, 19, 20, 21, 22]]
n:28 p:7 g:10 part:[[10, 28], [11, 27], [12, 26], [7, 13, 21, 25], [8, 14, 20, 24], [9, 15, 19, 23], [1, 2, 3, 4, 5, 6, 16, 17, 18, 22]]
n:28 p:7 g:14 part:[[14, 28], [15, 27], [16, 26], [18, 24], [19, 23], [7, 17, 21, 25], [1, 2, 3, 4, 5, 6, 8, 9, 10, 11, 12, 13, 20, 22]]
n:28 p:7 g:18 part:[[18, 28], [19, 27], [20, 26], [1, 17], [5, 21, 23, 25], [13, 15, 22, 24], [2, 3, 4, 6, 7, 8, 9, 10, 11, 12, 14, 16]]
n:28 p:7 g:22 part:[[22, 28], [23, 27], [24, 26], [1, 11, 17, 21], [2, 12, 16, 20], [3, 13, 15, 19], [4, 5, 6, 7, 8, 9, 10, 14, 18, 25]]
n:28 p:7 g:26 part:[[26, 28], [1, 25], [2, 24], [3, 9, 19, 23], [4, 10, 18, 22], [5, 11, 17, 21], [6, 7, 8, 12, 13, 14, 15, 16, 20, 27]]
n:28 p:7 g:2 part:[[2, 28], [3, 27], [4, 26], [5, 9, 19, 25], [6, 10, 18, 24], [7, 11, 13, 15, 17, 23], [1, 8, 12, 14, 16, 20, 21, 22]]
n:28 p:7 g:6 part:[[6, 28], [7, 27], [8, 26], [10, 24], [11, 23], [9, 13, 15, 25], [1, 2, 3, 4, 5, 12, 14, 16, 17, 18, 19, 20, 21, 22]]
n:28 p:7 g:10 part:[[10, 28], [11, 27], [12, 26], [7, 13, 21, 25], [8, 14, 20, 24], [9, 15, 19, 23], [1, 2, 3, 4, 5, 6, 16, 17, 18, 22]]
n:28 p:7 g:14 part:[[14, 28], [15, 27], [16, 26], [18, 24], [19, 23], [7, 17, 21, 25], [1, 2, 3, 4, 5, 6, 8, 9, 10, 11, 12, 13, 20, 22]]
n:28 p:7 g:18 part:[[18, 28], [19, 27], [20, 26], [1, 17], [5, 21, 23, 25], [13, 15, 22, 24], [2, 3, 4, 6, 7, 8, 9, 10, 11, 12, 14, 16]]
n:28 p:7 g:22 part:[[22, 28], [23, 27], [24, 26], [1, 11, 17, 21], [2, 12, 16, 20], [3, 13, 15, 19], [4, 5, 6, 7, 8, 9, 10, 14, 18, 25]]
n:28 p:7 g:26 part:[[26, 28], [1, 25], [2, 24], [3, 9, 19, 23], [4, 10, 18, 22], [5, 11, 13, 15, 17, 21], [6, 7, 8, 12, 14, 16, 20, 27]]
n:28 p:7 g:2 part:[[2, 28], [3, 27], [4, 26], [5, 9, 19, 25], [6, 10, 12, 16, 18, 24], [7, 11, 13, 15, 17, 23], [1, 8, 14, 20, 21, 22]]
n:28 p:7 g:6 part:[[6, 28], [7, 27], [8, 26], [10, 24], [11, 23], [9, 13, 15, 25], [1, 2, 3, 4, 5, 12, 14, 16, 17, 18, 19, 20, 21, 22]]
n:28 p:7 g:10 part:[[10, 28], [11, 27], [12, 26], [15, 23], [7, 13, 21, 25], [8, 9, 14, 19, 20, 24], [1, 2, 3, 4, 5, 6, 16, 17, 18, 22]]
n:28 p:7 g:14 part:[[14, 28], [15, 27], [16, 26], [18, 24], [19, 23], [7, 17, 21, 25], [1, 2, 3, 4, 5, 6, 8, 9, 10, 11, 12, 13, 20, 22]]
n:28 p:7 g:18 part:[[18, 28], [19, 27], [20, 26], [1, 17], [5, 21, 23, 25], [13, 15, 22, 24], [2, 3, 4, 6, 7, 8, 9, 10, 11, 12, 14, 16]]
n:28 p:7 g:22 part:[[22, 28], [23, 27], [24, 26], [3, 19], [1, 11, 17, 21], [2, 12, 13, 15, 16, 20], [4, 5, 6, 7, 8, 9, 10, 14, 18, 25]]
n:28 p:7 g:26 part:[[26, 28], [1, 25], [2, 24], [3, 9, 19, 23], [4, 10, 12, 16, 18, 22], [5, 11, 13, 15, 17, 21], [6, 7, 8, 14, 20, 27]]
n:28 p:7 g:2 part:[[2, 28], [3, 27], [4, 9, 19, 26], [5, 10, 18, 25], [6, 11, 17, 24], [7, 12, 16, 23], [1, 8, 13, 14, 15, 20, 21, 22]]
n:28 p:7 g:6 part:[[6, 28], [7, 27], [9, 25], [10, 24], [11, 23], [8, 13, 15, 26], [1, 2, 3, 4, 5, 12, 14, 16, 17, 18, 19, 20, 21, 22]]
n:28 p:7 g:10 part:[[10, 28], [11, 27], [15, 23], [7, 12, 21, 26], [8, 13, 20, 25], [9, 14, 19, 24], [1, 2, 3, 4, 5, 6, 16, 17, 18, 22]]
n:28 p:7 g:14 part:[[14, 28], [15, 27], [17, 25], [18, 24], [19, 23], [7, 16, 21, 26], [1, 2, 3, 4, 5, 6, 8, 9, 10, 11, 12, 13, 20, 22]]
n:28 p:7 g:18 part:[[18, 28], [19, 27], [22, 24], [1, 17], [5, 20, 23, 26], [13, 15, 21, 25], [2, 3, 4, 6, 7, 8, 9, 10, 11, 12, 14, 16]]
n:28 p:7 g:22 part:[[22, 28], [23, 27], [3, 19], [11, 17, 24, 26], [1, 12, 16, 21], [2, 13, 15, 20], [4, 5, 6, 7, 8, 9, 10, 14, 18, 25]]
n:28 p:7 g:26 part:[[26, 28], [1, 25], [2, 9, 19, 24], [3, 10, 18, 23], [4, 11, 17, 22], [5, 12, 16, 21], [6, 7, 8, 13, 14, 15, 20, 27]]
n:28 p:7 g:2 part:[[2, 28], [3, 27], [4, 9, 19, 26], [5, 10, 18, 25], [6, 11, 17, 24], [7, 12, 13, 15, 16, 23], [1, 8, 14, 20, 21, 22]]
n:28 p:7 g:6 part:[[6, 28], [7, 27], [9, 25], [10, 24], [11, 23], [8, 13, 15, 26], [1, 2, 3, 4, 5, 12, 14, 16, 17, 18, 19, 20, 21, 22]]
n:28 p:7 g:10 part:[[10, 28], [11, 27], [15, 23], [7, 12, 21, 26], [8, 13, 20, 25], [9, 14, 19, 24], [1, 2, 3, 4, 5, 6, 16, 17, 18, 22]]
n:28 p:7 g:14 part:[[14, 28], [15, 27], [17, 25], [18, 24], [19, 23], [7, 16, 21, 26], [1, 2, 3, 4, 5, 6, 8, 9, 10, 11, 12, 13, 20, 22]]
n:28 p:7 g:18 part:[[18, 28], [19, 27], [22, 24], [1, 17], [5, 20, 23, 26], [13, 15, 21, 25], [2, 3, 4, 6, 7, 8, 9, 10, 11, 12, 14, 16]]
n:28 p:7 g:22 part:[[22, 28], [23, 27], [3, 19], [11, 17, 24, 26], [1, 12, 16, 21], [2, 13, 15, 20], [4, 5, 6, 7, 8, 9, 10, 14, 18, 25]]
n:28 p:7 g:26 part:[[26, 28], [1, 25], [2, 9, 19, 24], [3, 10, 18, 23], [4, 11, 17, 22], [5, 12, 13, 15, 16, 21], [6, 7, 8, 14, 20, 27]]
n:28 p:7 g:2 part:[[2, 28], [3, 9, 19, 27], [4, 10, 18, 26], [5, 11, 17, 25], [6, 12, 16, 24], [7, 13, 15, 23], [1, 8, 14, 20, 21, 22]]
n:28 p:7 g:6 part:[[6, 28], [8, 26], [9, 25], [10, 24], [11, 23], [7, 13, 15, 27], [1, 2, 3, 4, 5, 12, 14, 16, 17, 18, 19, 20, 21, 22]]
n:28 p:7 g:10 part:[[10, 28], [14, 24], [15, 23], [7, 11, 21, 27], [8, 12, 20, 26], [9, 13, 19, 25], [1, 2, 3, 4, 5, 6, 16, 17, 18, 22]]
n:28 p:7 g:14 part:[[14, 28], [16, 26], [17, 25], [18, 24], [19, 23], [7, 15, 21, 27], [1, 2, 3, 4, 5, 6, 8, 9, 10, 11, 12, 13, 20, 22]]
n:28 p:7 g:18 part:[[18, 28], [21, 25], [22, 24], [1, 17], [5, 19, 23, 27], [13, 15, 20, 26], [2, 3, 4, 6, 7, 8, 9, 10, 11, 12, 14, 16]]
n:28 p:7 g:22 part:[[22, 28], [2, 20], [3, 19], [11, 17, 23, 27], [12, 16, 24, 26], [1, 13, 15, 21], [4, 5, 6, 7, 8, 9, 10, 14, 18, 25]]
n:28 p:7 g:26 part:[[26, 28], [1, 9, 19, 25], [2, 10, 18, 24], [3, 11, 17, 23], [4, 12, 16, 22], [5, 13, 15, 21], [6, 7, 8, 14, 20, 27]]
n:28 p:7 g:2 part:[[7, 23], [2, 9, 19, 28], [3, 10, 18, 27], [4, 11, 17, 26], [5, 12, 16, 25], [6, 13, 15, 24], [1, 8, 14, 20, 21, 22]]
n:28 p:7 g:6 part:[[7, 27], [8, 26], [9, 25], [10, 24], [11, 23], [6, 13, 15, 28], [1, 2, 3, 4, 5, 12, 14, 16, 17, 18, 19, 20, 21, 22]]
n:28 p:7 g:10 part:[[13, 25], [14, 24], [15, 23], [7, 10, 21, 28], [8, 11, 20, 27], [9, 12, 19, 26], [1, 2, 3, 4, 5, 6, 16, 17, 18, 22]]
n:28 p:7 g:14 part:[[15, 27], [16, 26], [17, 25], [18, 24], [19, 23], [7, 14, 21, 28], [1, 2, 3, 4, 5, 6, 8, 9, 10, 11, 12, 13, 20, 22]]
n:28 p:7 g:18 part:[[20, 26], [21, 25], [22, 24], [1, 17], [5, 18, 23, 28], [13, 15, 19, 27], [2, 3, 4, 6, 7, 8, 9, 10, 11, 12, 14, 16]]
n:28 p:7 g:22 part:[[1, 21], [2, 20], [3, 19], [11, 17, 22, 28], [12, 16, 23, 27], [13, 15, 24, 26], [4, 5, 6, 7, 8, 9, 10, 14, 18, 25]]
n:28 p:7 g:26 part:[[5, 21], [9, 19, 26, 28], [1, 10, 18, 25], [2, 11, 17, 24], [3, 12, 16, 23], [4, 13, 15, 22], [6, 7, 8, 14, 20, 27]]
n:28 p:6 g:7 part:[[7, 28], [8, 27], [9, 26], [10, 25], [11, 24], [1, 2, 3, 4, 5, 6, 12, 13, 14, 15, 16, 17, 18, 19, 20, 21, 22, 23]]
n:28 p:6 g:21 part:[[21, 28], [22, 27], [23, 26], [24, 25], [1, 20], [2, 3, 4, 5, 6, 7, 8, 9, 10, 11, 12, 13, 14, 15, 16, 17, 18, 19]]
n:28 p:6 g:7 part:[[7, 28], [8, 27], [9, 26], [10, 25], [6, 11, 22, 24], [1, 2, 3, 4, 5, 12, 13, 14, 15, 16, 17, 18, 19, 20, 21, 23]]
n:28 p:6 g:21 part:[[21, 28], [22, 27], [23, 26], [24, 25], [1, 10, 18, 20], [2, 3, 4, 5, 6, 7, 8, 9, 11, 12, 13, 14, 15, 16, 17, 19]]
n:28 p:6 g:7 part:[[7, 28], [8, 27], [9, 26], [10, 25], [6, 11, 13, 15, 22, 24], [1, 2, 3, 4, 5, 12, 14, 16, 17, 18, 19, 20, 21, 23]]
n:28 p:6 g:21 part:[[21, 28], [22, 27], [23, 26], [24, 25], [1, 10, 12, 16, 18, 20], [2, 3, 4, 5, 6, 7, 8, 9, 11, 13, 14, 15, 17, 19]]
n:28 p:6 g:7 part:[[7, 28], [8, 27], [9, 26], [10, 25], [6, 11, 13, 15, 22, 24], [1, 2, 3, 4, 5, 12, 14, 16, 17, 18, 19, 20, 21, 23]]
n:28 p:6 g:21 part:[[21, 28], [22, 27], [23, 26], [24, 25], [1, 10, 12, 13, 15, 16, 18, 20], [2, 3, 4, 5, 6, 7, 8, 9, 11, 14, 17, 19]]
n:28 p:6 g:7 part:[[7, 28], [8, 27], [9, 26], [10, 25], [6, 11, 13, 15, 22, 24], [1, 2, 3, 4, 5, 12, 14, 16, 17, 18, 19, 20, 21, 23]]
n:28 p:6 g:21 part:[[21, 28], [22, 27], [23, 26], [24, 25], [1, 10, 12, 13, 15, 16, 18, 20], [2, 3, 4, 5, 6, 7, 8, 9, 11, 14, 17, 19]]
n:28 p:6 g:7 part:[[7, 28], [8, 27], [9, 26], [6, 10, 22, 25], [11, 13, 15, 24], [1, 2, 3, 4, 5, 12, 14, 16, 17, 18, 19, 20, 21, 23]]
n:28 p:6 g:21 part:[[21, 28], [22, 27], [23, 26], [10, 18, 24, 25], [1, 11, 17, 20], [2, 3, 4, 5, 6, 7, 8, 9, 12, 13, 14, 15, 16, 19]]
n:28 p:6 g:7 part:[[7, 28], [8, 27], [9, 26], [6, 10, 22, 25], [11, 13, 15, 24], [1, 2, 3, 4, 5, 12, 14, 16, 17, 18, 19, 20, 21, 23]]
n:28 p:6 g:21 part:[[21, 28], [22, 27], [23, 26], [10, 18, 24, 25], [1, 11, 13, 15, 17, 20], [2, 3, 4, 5, 6, 7, 8, 9, 12, 14, 16, 19]]
n:28 p:6 g:7 part:[[7, 28], [8, 27], [9, 26], [6, 10, 22, 25], [11, 13, 15, 24], [1, 2, 3, 4, 5, 12, 14, 16, 17, 18, 19, 20, 21, 23]]
n:28 p:6 g:21 part:[[21, 28], [22, 27], [23, 26], [10, 18, 24, 25], [1, 11, 12, 13, 15, 16, 17, 20], [2, 3, 4, 5, 6, 7, 8, 9, 14, 19]]
n:28 p:6 g:7 part:[[7, 28], [8, 27], [9, 26], [11, 24], [6, 10, 13, 15, 22, 25], [1, 2, 3, 4, 5, 12, 14, 16, 17, 18, 19, 20, 21, 23]]
n:28 p:6 g:21 part:[[21, 28], [22, 27], [23, 26], [10, 12, 16, 18, 24, 25], [1, 11, 13, 15, 17, 20], [2, 3, 4, 5, 6, 7, 8, 9, 14, 19]]
n:28 p:6 g:7 part:[[7, 28], [8, 27], [9, 26], [11, 24], [6, 10, 13, 15, 22, 25], [1, 2, 3, 4, 5, 12, 14, 16, 17, 18, 19, 20, 21, 23]]
n:28 p:6 g:21 part:[[21, 28], [22, 27], [23, 26], [10, 12, 16, 18, 24, 25], [1, 11, 13, 15, 17, 20], [2, 3, 4, 5, 6, 7, 8, 9, 14, 19]]
n:28 p:6 g:7 part:[[7, 28], [8, 27], [11, 24], [6, 9, 22, 26], [10, 13, 15, 25], [1, 2, 3, 4, 5, 12, 14, 16, 17, 18, 19, 20, 21, 23]]
n:28 p:6 g:21 part:[[21, 28], [22, 27], [10, 18, 23, 26], [11, 17, 24, 25], [1, 12, 16, 20], [2, 3, 4, 5, 6, 7, 8, 9, 13, 14, 15, 19]]
n:28 p:6 g:7 part:[[7, 28], [8, 27], [11, 24], [6, 9, 22, 26], [10, 13, 15, 25], [1, 2, 3, 4, 5, 12, 14, 16, 17, 18, 19, 20, 21, 23]]
n:28 p:6 g:21 part:[[21, 28], [22, 27], [10, 18, 23, 26], [11, 17, 24, 25], [1, 12, 13, 15, 16, 20], [2, 3, 4, 5, 6, 7, 8, 9, 14, 19]]
n:28 p:6 g:7 part:[[7, 28], [8, 27], [11, 24], [6, 9, 22, 26], [10, 13, 15, 25], [1, 2, 3, 4, 5, 12, 14, 16, 17, 18, 19, 20, 21, 23]]
n:28 p:6 g:21 part:[[21, 28], [22, 27], [10, 18, 23, 26], [11, 17, 24, 25], [1, 12, 13, 15, 16, 20], [2, 3, 4, 5, 6, 7, 8, 9, 14, 19]]
n:28 p:6 g:7 part:[[7, 28], [8, 27], [11, 24], [6, 9, 22, 26], [10, 13, 15, 25], [1, 2, 3, 4, 5, 12, 14, 16, 17, 18, 19, 20, 21, 23]]
n:28 p:6 g:21 part:[[21, 28], [22, 27], [10, 18, 23, 26], [1, 12, 16, 20], [11, 13, 15, 17, 24, 25], [2, 3, 4, 5, 6, 7, 8, 9, 14, 19]]
n:28 p:6 g:7 part:[[7, 28], [8, 27], [10, 25], [11, 24], [6, 9, 13, 15, 22, 26], [1, 2, 3, 4, 5, 12, 14, 16, 17, 18, 19, 20, 21, 23]]
n:28 p:6 g:21 part:[[21, 28], [22, 27], [1, 20], [10, 12, 16, 18, 23, 26], [11, 13, 15, 17, 24, 25], [2, 3, 4, 5, 6, 7, 8, 9, 14, 19]]
n:28 p:6 g:7 part:[[7, 28], [10, 25], [11, 24], [6, 8, 22, 27], [9, 13, 15, 26], [1, 2, 3, 4, 5, 12, 14, 16, 17, 18, 19, 20, 21, 23]]
n:28 p:6 g:21 part:[[21, 28], [10, 18, 22, 27], [11, 17, 23, 26], [12, 16, 24, 25], [1, 13, 15, 20], [2, 3, 4, 5, 6, 7, 8, 9, 14, 19]]
n:28 p:6 g:7 part:[[7, 28], [10, 25], [11, 24], [6, 8, 22, 27], [9, 13, 15, 26], [1, 2, 3, 4, 5, 12, 14, 16, 17, 18, 19, 20, 21, 23]]
n:28 p:6 g:21 part:[[21, 28], [10, 18, 22, 27], [11, 17, 23, 26], [12, 16, 24, 25], [1, 13, 15, 20], [2, 3, 4, 5, 6, 7, 8, 9, 14, 19]]
n:28 p:6 g:7 part:[[7, 28], [10, 25], [11, 24], [6, 8, 22, 27], [9, 13, 15, 26], [1, 2, 3, 4, 5, 12, 14, 16, 17, 18, 19, 20, 21, 23]]
n:28 p:6 g:21 part:[[21, 28], [1, 20], [10, 18, 22, 27], [11, 17, 23, 26], [12, 13, 15, 16, 24, 25], [2, 3, 4, 5, 6, 7, 8, 9, 14, 19]]
n:28 p:6 g:7 part:[[9, 26], [10, 25], [11, 24], [6, 7, 22, 28], [8, 13, 15, 27], [1, 2, 3, 4, 5, 12, 14, 16, 17, 18, 19, 20, 21, 23]]
n:28 p:6 g:21 part:[[1, 20], [10, 18, 21, 28], [11, 17, 22, 27], [12, 16, 23, 26], [13, 15, 24, 25], [2, 3, 4, 5, 6, 7, 8, 9, 14, 19]]
n:28 p:6 g:7 part:[[9, 26], [10, 25], [11, 24], [6, 7, 22, 28], [8, 13, 15, 27], [1, 2, 3, 4, 5, 12, 14, 16, 17, 18, 19, 20, 21, 23]]
n:28 p:6 g:21 part:[[1, 20], [10, 18, 21, 28], [11, 17, 22, 27], [12, 16, 23, 26], [13, 15, 24, 25], [2, 3, 4, 5, 6, 7, 8, 9, 14, 19]]
n:28 p:5 g:14 part:[[14, 28], [15, 27], [16, 26], [17, 25], [1, 2, 3, 4, 5, 6, 7, 8, 9, 10, 11, 12, 13, 18, 19, 20, 21, 22, 23, 24]]
n:28 p:5 g:14 part:[[14, 28], [15, 27], [16, 26], [5, 17, 23, 25], [1, 2, 3, 4, 6, 7, 8, 9, 10, 11, 12, 13, 18, 19, 20, 21, 22, 24]]
n:28 p:5 g:14 part:[[14, 28], [15, 27], [16, 26], [5, 7, 17, 21, 23, 25], [1, 2, 3, 4, 6, 8, 9, 10, 11, 12, 13, 18, 19, 20, 22, 24]]
n:28 p:5 g:14 part:[[14, 28], [15, 27], [16, 26], [5, 7, 9, 17, 19, 21, 23, 25], [1, 2, 3, 4, 6, 8, 10, 11, 12, 13, 18, 20, 22, 24]]
n:28 p:5 g:14 part:[[14, 28], [15, 27], [16, 26], [5, 7, 8, 9, 17, 19, 20, 21, 23, 25], [1, 2, 3, 4, 6, 10, 11, 12, 13, 18, 22, 24]]
n:28 p:5 g:14 part:[[14, 28], [15, 27], [5, 16, 23, 26], [6, 17, 22, 25], [1, 2, 3, 4, 7, 8, 9, 10, 11, 12, 13, 18, 19, 20, 21, 24]]
n:28 p:5 g:14 part:[[14, 28], [15, 27], [5, 16, 23, 26], [6, 8, 17, 20, 22, 25], [1, 2, 3, 4, 7, 9, 10, 11, 12, 13, 18, 19, 21, 24]]
n:28 p:5 g:14 part:[[14, 28], [15, 27], [5, 16, 23, 26], [6, 8, 9, 17, 19, 20, 22, 25], [1, 2, 3, 4, 7, 10, 11, 12, 13, 18, 21, 24]]
n:28 p:5 g:14 part:[[14, 28], [15, 27], [5, 16, 23, 26], [6, 8, 9, 17, 19, 20, 22, 25], [1, 2, 3, 4, 7, 10, 11, 12, 13, 18, 21, 24]]
n:28 p:5 g:14 part:[[14, 28], [15, 27], [5, 7, 16, 21, 23, 26], [6, 9, 17, 19, 22, 25], [1, 2, 3, 4, 8, 10, 11, 12, 13, 18, 20, 24]]
n:28 p:5 g:14 part:[[14, 28], [15, 27], [5, 7, 16, 21, 23, 26], [6, 8, 9, 17, 19, 20, 22, 25], [1, 2, 3, 4, 10, 11, 12, 13, 18, 24]]
n:28 p:5 g:14 part:[[14, 28], [15, 27], [6, 8, 17, 20, 22, 25], [5, 7, 9, 16, 19, 21, 23, 26], [1, 2, 3, 4, 10, 11, 12, 13, 18, 24]]
n:28 p:5 g:14 part:[[14, 28], [5, 15, 23, 27], [6, 16, 22, 26], [7, 17, 21, 25], [1, 2, 3, 4, 8, 9, 10, 11, 12, 13, 18, 19, 20, 24]]
n:28 p:5 g:14 part:[[14, 28], [5, 15, 23, 27], [6, 16, 22, 26], [7, 9, 17, 19, 21, 25], [1, 2, 3, 4, 8, 10, 11, 12, 13, 18, 20, 24]]
n:28 p:5 g:14 part:[[14, 28], [5, 15, 23, 27], [6, 16, 22, 26], [7, 8, 9, 17, 19, 20, 21, 25], [1, 2, 3, 4, 10, 11, 12, 13, 18, 24]]
n:28 p:5 g:14 part:[[14, 28], [5, 15, 23, 27], [6, 8, 16, 20, 22, 26], [7, 9, 17, 19, 21, 25], [1, 2, 3, 4, 10, 11, 12, 13, 18, 24]]
n:28 p:5 g:14 part:[[14, 28], [5, 15, 23, 27], [6, 8, 16, 20, 22, 26], [7, 9, 17, 19, 21, 25], [1, 2, 3, 4, 10, 11, 12, 13, 18, 24]]
n:28 p:5 g:14 part:[[14, 28], [8, 17, 20, 25], [5, 7, 15, 21, 23, 27], [6, 9, 16, 19, 22, 26], [1, 2, 3, 4, 10, 11, 12, 13, 18, 24]]
n:28 p:5 g:14 part:[[5, 14, 23, 28], [6, 15, 22, 27], [7, 16, 21, 26], [8, 17, 20, 25], [1, 2, 3, 4, 9, 10, 11, 12, 13, 18, 19, 24]]
n:28 p:5 g:14 part:[[5, 14, 23, 28], [6, 15, 22, 27], [7, 16, 21, 26], [8, 9, 17, 19, 20, 25], [1, 2, 3, 4, 10, 11, 12, 13, 18, 24]]
n:28 p:5 g:14 part:[[5, 14, 23, 28], [6, 15, 22, 27], [7, 16, 21, 26], [8, 9, 17, 19, 20, 25], [1, 2, 3, 4, 10, 11, 12, 13, 18, 24]]
n:28 p:5 g:14 part:[[5, 14, 23, 28], [6, 15, 22, 27], [8, 17, 20, 25], [7, 9, 16, 19, 21, 26], [1, 2, 3, 4, 10, 11, 12, 13, 18, 24]]
n:28 p:5 g:14 part:[[17, 25], [5, 14, 23, 28], [6, 8, 15, 20, 22, 27], [7, 9, 16, 19, 21, 26], [1, 2, 3, 4, 10, 11, 12, 13, 18, 24]]
n:28 p:3 g:14 part:[[14, 28], [15, 27], [1, 2, 3, 4, 5, 6, 7, 8, 9, 10, 11, 12, 13, 16, 17, 18, 19, 20, 21, 22, 23, 24, 25, 26]]
n:28 p:3 g:14 part:[[14, 28], [3, 15, 25, 27], [1, 2, 4, 5, 6, 7, 8, 9, 10, 11, 12, 13, 16, 17, 18, 19, 20, 21, 22, 23, 24, 26]]
n:28 p:3 g:14 part:[[14, 28], [3, 5, 15, 23, 25, 27], [1, 2, 4, 6, 7, 8, 9, 10, 11, 12, 13, 16, 17, 18, 19, 20, 21, 22, 24, 26]]
n:28 p:3 g:14 part:[[14, 28], [3, 5, 7, 15, 21, 23, 25, 27], [1, 2, 4, 6, 8, 9, 10, 11, 12, 13, 16, 17, 18, 19, 20, 22, 24, 26]]
n:28 p:3 g:14 part:[[14, 28], [3, 5, 7, 9, 15, 19, 21, 23, 25, 27], [1, 2, 4, 6, 8, 10, 11, 12, 13, 16, 17, 18, 20, 22, 24, 26]]
n:28 p:3 g:14 part:[[14, 28], [3, 5, 7, 9, 11, 15, 17, 19, 21, 23, 25, 27], [1, 2, 4, 6, 8, 10, 12, 13, 16, 18, 20, 22, 24, 26]]
n:28 p:3 g:14 part:[[3, 14, 25, 28], [4, 15, 24, 27], [1, 2, 5, 6, 7, 8, 9, 10, 11, 12, 13, 16, 17, 18, 19, 20, 21, 22, 23, 26]]
n:28 p:3 g:14 part:[[3, 14, 25, 28], [4, 6, 15, 22, 24, 27], [1, 2, 5, 7, 8, 9, 10, 11, 12, 13, 16, 17, 18, 19, 20, 21, 23, 26]]
n:28 p:3 g:14 part:[[3, 14, 25, 28], [4, 6, 8, 15, 20, 22, 24, 27], [1, 2, 5, 7, 9, 10, 11, 12, 13, 16, 17, 18, 19, 21, 23, 26]]
n:28 p:3 g:14 part:[[3, 14, 25, 28], [4, 6, 8, 10, 15, 18, 20, 22, 24, 27], [1, 2, 5, 7, 9, 11, 12, 13, 16, 17, 19, 21, 23, 26]]
n:28 p:3 g:14 part:[[3, 14, 25, 28], [4, 6, 8, 10, 11, 15, 17, 18, 20, 22, 24, 27], [1, 2, 5, 7, 9, 12, 13, 16, 19, 21, 23, 26]]
n:28 p:3 g:14 part:[[3, 5, 14, 23, 25, 28], [4, 7, 15, 21, 24, 27], [1, 2, 6, 8, 9, 10, 11, 12, 13, 16, 17, 18, 19, 20, 22, 26]]
n:28 p:3 g:14 part:[[3, 5, 14, 23, 25, 28], [4, 7, 9, 15, 19, 21, 24, 27], [1, 2, 6, 8, 10, 11, 12, 13, 16, 17, 18, 20, 22, 26]]
n:28 p:3 g:14 part:[[3, 5, 14, 23, 25, 28], [4, 7, 9, 11, 15, 17, 19, 21, 24, 27], [1, 2, 6, 8, 10, 12, 13, 16, 18, 20, 22, 26]]
n:28 p:3 g:14 part:[[3, 5, 7, 14, 21, 23, 25, 28], [4, 8, 10, 15, 18, 20, 24, 27], [1, 2, 6, 9, 11, 12, 13, 16, 17, 19, 22, 26]]
n:28 p:3 g:14 part:[[3, 5, 7, 14, 21, 23, 25, 28], [4, 8, 10, 11, 15, 17, 18, 20, 24, 27], [1, 2, 6, 9, 12, 13, 16, 19, 22, 26]]
n:28 p:2 g:7 part:[[7, 28], [1, 2, 3, 4, 5, 6, 8, 9, 10, 11, 12, 13, 14, 15, 16, 17, 18, 19, 20, 21, 22, 23, 24, 25, 26, 27]]
n:28 p:2 g:21 part:[[21, 28], [1, 2, 3, 4, 5, 6, 7, 8, 9, 10, 11, 12, 13, 14, 15, 16, 17, 18, 19, 20, 22, 23, 24, 25, 26, 27]]
n:28 p:2 g:7 part:[[2, 7, 26, 28], [1, 3, 4, 5, 6, 8, 9, 10, 11, 12, 13, 14, 15, 16, 17, 18, 19, 20, 21, 22, 23, 24, 25, 27]]
n:28 p:2 g:21 part:[[2, 21, 26, 28], [1, 3, 4, 5, 6, 7, 8, 9, 10, 11, 12, 13, 14, 15, 16, 17, 18, 19, 20, 22, 23, 24, 25, 27]]
n:28 p:2 g:7 part:[[2, 4, 7, 24, 26, 28], [1, 3, 5, 6, 8, 9, 10, 11, 12, 13, 14, 15, 16, 17, 18, 19, 20, 21, 22, 23, 25, 27]]
n:28 p:2 g:21 part:[[2, 4, 21, 24, 26, 28], [1, 3, 5, 6, 7, 8, 9, 10, 11, 12, 13, 14, 15, 16, 17, 18, 19, 20, 22, 23, 25, 27]]
n:28 p:2 g:7 part:[[2, 4, 6, 7, 22, 24, 26, 28], [1, 3, 5, 8, 9, 10, 11, 12, 13, 14, 15, 16, 17, 18, 19, 20, 21, 23, 25, 27]]
n:28 p:2 g:21 part:[[2, 4, 8, 20, 21, 24, 26, 28], [1, 3, 5, 6, 7, 9, 10, 11, 12, 13, 14, 15, 16, 17, 18, 19, 22, 23, 25, 27]]
n:28 p:2 g:7 part:[[2, 4, 6, 7, 10, 18, 22, 24, 26, 28], [1, 3, 5, 8, 9, 11, 12, 13, 14, 15, 16, 17, 19, 20, 21, 23, 25, 27]]
n:28 p:2 g:21 part:[[2, 4, 8, 10, 18, 20, 21, 24, 26, 28], [1, 3, 5, 6, 7, 9, 11, 12, 13, 14, 15, 16, 17, 19, 22, 23, 25, 27]]
n:28 p:2 g:7 part:[[2, 4, 6, 7, 10, 12, 16, 18, 22, 24, 26, 28], [1, 3, 5, 8, 9, 11, 13, 14, 15, 17, 19, 20, 21, 23, 25, 27]]
n:28 p:2 g:21 part:[[2, 4, 8, 10, 12, 16, 18, 20, 21, 24, 26, 28], [1, 3, 5, 6, 7, 9, 11, 13, 14, 15, 17, 19, 22, 23, 25, 27]]
n:28 p:2 g:7 part:[[2, 4, 6, 7, 10, 12, 13, 15, 16, 18, 22, 24, 26, 28], [1, 3, 5, 8, 9, 11, 14, 17, 19, 20, 21, 23, 25, 27]]
n:28 p:2 g:21 part:[[2, 4, 8, 10, 12, 13, 15, 16, 18, 20, 21, 24, 26, 28], [1, 3, 5, 6, 7, 9, 11, 14, 17, 19, 22, 23, 25, 27]]
n:28 p:1 g:14 part:[[1, 2, 3, 4, 5, 6, 7, 8, 9, 10, 11, 12, 13, 14, 15, 16, 17, 18, 19, 20, 21, 22, 23, 24, 25, 26, 27, 28]]
