Generating partitions.
---------------------------------------------------------------------------------------------------------
n:30 p:15 g:1 part:[[1, 30], [2, 29], [3, 28], [4, 27], [5, 26], [6, 25], [7, 24], [8, 23], [9, 22], [10, 21], [11, 20], [12, 19], [13, 18], [14, 17], [15, 16]]
n:30 p:15 g:3 part:[[3, 30], [4, 29], [5, 28], [6, 27], [7, 26], [8, 25], [9, 24], [10, 23], [11, 22], [12, 21], [13, 20], [14, 19], [15, 18], [16, 17], [1, 2]]
n:30 p:15 g:5 part:[[5, 30], [6, 29], [7, 28], [8, 27], [9, 26], [10, 25], [11, 24], [12, 23], [13, 22], [14, 21], [15, 20], [16, 19], [17, 18], [1, 4], [2, 3]]
n:30 p:15 g:7 part:[[7, 30], [8, 29], [9, 28], [10, 27], [11, 26], [12, 25], [13, 24], [14, 23], [15, 22], [16, 21], [17, 20], [18, 19], [1, 6], [2, 5], [3, 4]]
n:30 p:15 g:9 part:[[9, 30], [10, 29], [11, 28], [12, 27], [13, 26], [14, 25], [15, 24], [16, 23], [17, 22], [18, 21], [19, 20], [1, 8], [2, 7], [3, 6], [4, 5]]
n:30 p:15 g:11 part:[[11, 30], [12, 29], [13, 28], [14, 27], [15, 26], [16, 25], [17, 24], [18, 23], [19, 22], [20, 21], [1, 10], [2, 9], [3, 8], [4, 7], [5, 6]]
n:30 p:15 g:13 part:[[13, 30], [14, 29], [15, 28], [16, 27], [17, 26], [18, 25], [19, 24], [20, 23], [21, 22], [1, 12], [2, 11], [3, 10], [4, 9], [5, 8], [6, 7]]
n:30 p:15 g:15 part:[[15, 30], [16, 29], [17, 28], [18, 27], [19, 26], [20, 25], [21, 24], [22, 23], [1, 14], [2, 13], [3, 12], [4, 11], [5, 10], [6, 9], [7, 8]]
n:30 p:15 g:17 part:[[17, 30], [18, 29], [19, 28], [20, 27], [21, 26], [22, 25], [23, 24], [1, 16], [2, 15], [3, 14], [4, 13], [5, 12], [6, 11], [7, 10], [8, 9]]
n:30 p:15 g:19 part:[[19, 30], [20, 29], [21, 28], [22, 27], [23, 26], [24, 25], [1, 18], [2, 17], [3, 16], [4, 15], [5, 14], [6, 13], [7, 12], [8, 11], [9, 10]]
n:30 p:15 g:21 part:[[21, 30], [22, 29], [23, 28], [24, 27], [25, 26], [1, 20], [2, 19], [3, 18], [4, 17], [5, 16], [6, 15], [7, 14], [8, 13], [9, 12], [10, 11]]
n:30 p:15 g:23 part:[[23, 30], [24, 29], [25, 28], [26, 27], [1, 22], [2, 21], [3, 20], [4, 19], [5, 18], [6, 17], [7, 16], [8, 15], [9, 14], [10, 13], [11, 12]]
n:30 p:15 g:25 part:[[25, 30], [26, 29], [27, 28], [1, 24], [2, 23], [3, 22], [4, 21], [5, 20], [6, 19], [7, 18], [8, 17], [9, 16], [10, 15], [11, 14], [12, 13]]
n:30 p:15 g:27 part:[[27, 30], [28, 29], [1, 26], [2, 25], [3, 24], [4, 23], [5, 22], [6, 21], [7, 20], [8, 19], [9, 18], [10, 17], [11, 16], [12, 15], [13, 14]]
n:30 p:15 g:29 part:[[29, 30], [1, 28], [2, 27], [3, 26], [4, 25], [5, 24], [6, 23], [7, 22], [8, 21], [9, 20], [10, 19], [11, 18], [12, 17], [13, 16], [14, 15]]
n:30 p:13 g:15 part:[[15, 30], [16, 29], [17, 28], [18, 27], [19, 26], [20, 25], [21, 24], [22, 23], [1, 14], [2, 13], [3, 12], [4, 11], [5, 6, 7, 8, 9, 10]]
n:30 p:13 g:15 part:[[15, 30], [16, 29], [17, 28], [18, 27], [19, 26], [20, 25], [21, 24], [22, 23], [1, 14], [2, 13], [3, 12], [4, 11], [5, 6, 7, 8, 9, 10]]
n:30 p:11 g:15 part:[[15, 30], [16, 29], [17, 28], [18, 27], [19, 26], [20, 25], [21, 24], [22, 23], [1, 14], [2, 13], [3, 4, 5, 6, 7, 8, 9, 10, 11, 12]]
n:30 p:11 g:15 part:[[15, 30], [16, 29], [17, 28], [18, 27], [19, 26], [20, 25], [21, 24], [22, 23], [1, 14], [2, 13], [3, 4, 5, 6, 7, 8, 9, 10, 11, 12]]
n:30 p:11 g:15 part:[[15, 30], [16, 29], [17, 28], [18, 27], [19, 26], [20, 25], [21, 24], [22, 23], [1, 14], [2, 13], [3, 4, 5, 6, 7, 8, 9, 10, 11, 12]]
n:30 p:11 g:15 part:[[15, 30], [16, 29], [17, 28], [18, 27], [19, 26], [20, 25], [21, 24], [22, 23], [1, 14], [2, 13], [3, 4, 5, 6, 7, 8, 9, 10, 11, 12]]
n:30 p:11 g:15 part:[[15, 30], [16, 29], [17, 28], [18, 27], [19, 26], [20, 25], [21, 24], [22, 23], [1, 14], [2, 13], [3, 4, 5, 6, 7, 8, 9, 10, 11, 12]]
n:30 p:9 g:5 part:[[5, 30], [6, 29], [7, 28], [8, 27], [9, 26], [10, 25], [11, 24], [12, 23], [1, 2, 3, 4, 13, 14, 15, 16, 17, 18, 19, 20, 21, 22]]
n:30 p:9 g:15 part:[[15, 30], [16, 29], [17, 28], [18, 27], [19, 26], [20, 25], [21, 24], [22, 23], [1, 2, 3, 4, 5, 6, 7, 8, 9, 10, 11, 12, 13, 14]]
n:30 p:9 g:25 part:[[25, 30], [26, 29], [27, 28], [1, 24], [2, 23], [3, 22], [4, 21], [5, 20], [6, 7, 8, 9, 10, 11, 12, 13, 14, 15, 16, 17, 18, 19]]
n:30 p:9 g:5 part:[[5, 30], [6, 29], [7, 28], [8, 27], [9, 26], [10, 25], [11, 24], [12, 14, 16, 23], [1, 2, 3, 4, 13, 15, 17, 18, 19, 20, 21, 22]]
n:30 p:9 g:15 part:[[15, 30], [16, 29], [17, 28], [18, 27], [19, 26], [20, 25], [21, 24], [22, 23], [1, 2, 3, 4, 5, 6, 7, 8, 9, 10, 11, 12, 13, 14]]
n:30 p:9 g:25 part:[[25, 30], [26, 29], [27, 28], [1, 24], [2, 23], [3, 22], [4, 21], [5, 12, 18, 20], [6, 7, 8, 9, 10, 11, 13, 14, 15, 16, 17, 19]]
n:30 p:9 g:5 part:[[5, 30], [6, 29], [7, 28], [8, 27], [9, 26], [10, 25], [11, 24], [12, 14, 16, 23], [1, 2, 3, 4, 13, 15, 17, 18, 19, 20, 21, 22]]
n:30 p:9 g:15 part:[[15, 30], [16, 29], [17, 28], [18, 27], [19, 26], [20, 25], [21, 24], [22, 23], [1, 2, 3, 4, 5, 6, 7, 8, 9, 10, 11, 12, 13, 14]]
n:30 p:9 g:25 part:[[25, 30], [26, 29], [27, 28], [1, 24], [2, 23], [3, 22], [4, 21], [5, 12, 14, 16, 18, 20], [6, 7, 8, 9, 10, 11, 13, 15, 17, 19]]
n:30 p:9 g:5 part:[[5, 30], [6, 29], [7, 28], [8, 27], [9, 26], [10, 25], [11, 24], [12, 14, 16, 23], [1, 2, 3, 4, 13, 15, 17, 18, 19, 20, 21, 22]]
n:30 p:9 g:15 part:[[15, 30], [16, 29], [17, 28], [18, 27], [19, 26], [20, 25], [21, 24], [22, 23], [1, 2, 3, 4, 5, 6, 7, 8, 9, 10, 11, 12, 13, 14]]
n:30 p:9 g:25 part:[[25, 30], [26, 29], [27, 28], [1, 24], [2, 23], [3, 22], [4, 21], [5, 12, 13, 14, 16, 17, 18, 20], [6, 7, 8, 9, 10, 11, 15, 19]]
n:30 p:9 g:5 part:[[5, 30], [6, 29], [7, 28], [8, 27], [9, 26], [10, 25], [12, 23], [11, 14, 16, 24], [1, 2, 3, 4, 13, 15, 17, 18, 19, 20, 21, 22]]
n:30 p:9 g:15 part:[[15, 30], [16, 29], [17, 28], [18, 27], [19, 26], [20, 25], [21, 24], [22, 23], [1, 2, 3, 4, 5, 6, 7, 8, 9, 10, 11, 12, 13, 14]]
n:30 p:9 g:25 part:[[25, 30], [26, 29], [27, 28], [1, 24], [2, 23], [3, 22], [4, 12, 18, 21], [5, 13, 17, 20], [6, 7, 8, 9, 10, 11, 14, 15, 16, 19]]
n:30 p:9 g:5 part:[[5, 30], [6, 29], [7, 28], [8, 27], [9, 26], [10, 25], [12, 23], [11, 14, 16, 24], [1, 2, 3, 4, 13, 15, 17, 18, 19, 20, 21, 22]]
n:30 p:9 g:15 part:[[15, 30], [16, 29], [17, 28], [18, 27], [19, 26], [20, 25], [21, 24], [22, 23], [1, 2, 3, 4, 5, 6, 7, 8, 9, 10, 11, 12, 13, 14]]
n:30 p:9 g:25 part:[[25, 30], [26, 29], [27, 28], [1, 24], [2, 23], [3, 22], [4, 12, 18, 21], [5, 13, 14, 16, 17, 20], [6, 7, 8, 9, 10, 11, 15, 19]]
n:30 p:9 g:5 part:[[5, 30], [6, 29], [7, 28], [8, 27], [9, 26], [10, 25], [12, 23], [11, 14, 16, 24], [1, 2, 3, 4, 13, 15, 17, 18, 19, 20, 21, 22]]
n:30 p:9 g:15 part:[[15, 30], [16, 29], [17, 28], [18, 27], [19, 26], [20, 25], [21, 24], [22, 23], [1, 2, 3, 4, 5, 6, 7, 8, 9, 10, 11, 12, 13, 14]]
n:30 p:9 g:25 part:[[25, 30], [26, 29], [27, 28], [1, 24], [2, 23], [3, 22], [5, 13, 17, 20], [4, 12, 14, 16, 18, 21], [6, 7, 8, 9, 10, 11, 15, 19]]
n:30 p:9 g:5 part:[[5, 30], [6, 29], [7, 28], [8, 27], [9, 26], [11, 24], [12, 23], [10, 14, 16, 25], [1, 2, 3, 4, 13, 15, 17, 18, 19, 20, 21, 22]]
n:30 p:9 g:15 part:[[15, 30], [16, 29], [17, 28], [18, 27], [19, 26], [20, 25], [21, 24], [22, 23], [1, 2, 3, 4, 5, 6, 7, 8, 9, 10, 11, 12, 13, 14]]
n:30 p:9 g:25 part:[[25, 30], [26, 29], [27, 28], [1, 24], [2, 23], [3, 12, 18, 22], [4, 13, 17, 21], [5, 14, 16, 20], [6, 7, 8, 9, 10, 11, 15, 19]]
n:30 p:9 g:5 part:[[5, 30], [6, 29], [7, 28], [8, 27], [9, 26], [11, 24], [12, 23], [10, 14, 16, 25], [1, 2, 3, 4, 13, 15, 17, 18, 19, 20, 21, 22]]
n:30 p:9 g:15 part:[[15, 30], [16, 29], [17, 28], [18, 27], [19, 26], [20, 25], [21, 24], [22, 23], [1, 2, 3, 4, 5, 6, 7, 8, 9, 10, 11, 12, 13, 14]]
n:30 p:9 g:25 part:[[25, 30], [26, 29], [27, 28], [1, 24], [2, 23], [3, 12, 18, 22], [4, 13, 17, 21], [5, 14, 16, 20], [6, 7, 8, 9, 10, 11, 15, 19]]
n:30 p:9 g:5 part:[[5, 30], [6, 29], [7, 28], [8, 27], [10, 25], [11, 24], [12, 23], [9, 14, 16, 26], [1, 2, 3, 4, 13, 15, 17, 18, 19, 20, 21, 22]]
n:30 p:9 g:15 part:[[15, 30], [16, 29], [17, 28], [18, 27], [19, 26], [20, 25], [21, 24], [22, 23], [1, 2, 3, 4, 5, 6, 7, 8, 9, 10, 11, 12, 13, 14]]
n:30 p:9 g:25 part:[[25, 30], [26, 29], [27, 28], [1, 24], [5, 20], [2, 12, 18, 23], [3, 13, 17, 22], [4, 14, 16, 21], [6, 7, 8, 9, 10, 11, 15, 19]]
n:30 p:9 g:5 part:[[5, 30], [6, 29], [7, 28], [9, 26], [10, 25], [11, 24], [12, 23], [8, 14, 16, 27], [1, 2, 3, 4, 13, 15, 17, 18, 19, 20, 21, 22]]
n:30 p:9 g:15 part:[[15, 30], [16, 29], [17, 28], [18, 27], [19, 26], [20, 25], [21, 24], [22, 23], [1, 2, 3, 4, 5, 6, 7, 8, 9, 10, 11, 12, 13, 14]]
n:30 p:9 g:25 part:[[25, 30], [26, 29], [27, 28], [4, 21], [5, 20], [1, 12, 18, 24], [2, 13, 17, 23], [3, 14, 16, 22], [6, 7, 8, 9, 10, 11, 15, 19]]
n:30 p:7 g:15 part:[[15, 30], [16, 29], [17, 28], [18, 27], [19, 26], [20, 25], [1, 2, 3, 4, 5, 6, 7, 8, 9, 10, 11, 12, 13, 14, 21, 22, 23, 24]]
n:30 p:7 g:15 part:[[15, 30], [16, 29], [17, 28], [18, 27], [19, 26], [7, 20, 23, 25], [1, 2, 3, 4, 5, 6, 8, 9, 10, 11, 12, 13, 14, 21, 22, 24]]
n:30 p:7 g:15 part:[[15, 30], [16, 29], [17, 28], [18, 27], [19, 26], [7, 8, 20, 22, 23, 25], [1, 2, 3, 4, 5, 6, 9, 10, 11, 12, 13, 14, 21, 24]]
n:30 p:7 g:15 part:[[15, 30], [16, 29], [17, 28], [18, 27], [19, 26], [7, 8, 20, 22, 23, 25], [1, 2, 3, 4, 5, 6, 9, 10, 11, 12, 13, 14, 21, 24]]
n:30 p:7 g:15 part:[[15, 30], [16, 29], [17, 28], [18, 27], [19, 26], [7, 8, 20, 22, 23, 25], [1, 2, 3, 4, 5, 6, 9, 10, 11, 12, 13, 14, 21, 24]]
n:30 p:7 g:15 part:[[15, 30], [16, 29], [17, 28], [18, 27], [7, 19, 23, 26], [8, 20, 22, 25], [1, 2, 3, 4, 5, 6, 9, 10, 11, 12, 13, 14, 21, 24]]
n:30 p:7 g:15 part:[[15, 30], [16, 29], [17, 28], [18, 27], [7, 19, 23, 26], [8, 20, 22, 25], [1, 2, 3, 4, 5, 6, 9, 10, 11, 12, 13, 14, 21, 24]]
n:30 p:7 g:15 part:[[15, 30], [16, 29], [17, 28], [18, 27], [7, 19, 23, 26], [8, 20, 22, 25], [1, 2, 3, 4, 5, 6, 9, 10, 11, 12, 13, 14, 21, 24]]
n:30 p:7 g:15 part:[[15, 30], [16, 29], [17, 28], [18, 27], [20, 25], [7, 8, 19, 22, 23, 26], [1, 2, 3, 4, 5, 6, 9, 10, 11, 12, 13, 14, 21, 24]]
n:30 p:7 g:15 part:[[15, 30], [16, 29], [17, 28], [18, 27], [20, 25], [7, 8, 19, 22, 23, 26], [1, 2, 3, 4, 5, 6, 9, 10, 11, 12, 13, 14, 21, 24]]
n:30 p:7 g:15 part:[[15, 30], [16, 29], [17, 28], [20, 25], [7, 18, 23, 27], [8, 19, 22, 26], [1, 2, 3, 4, 5, 6, 9, 10, 11, 12, 13, 14, 21, 24]]
n:30 p:7 g:15 part:[[15, 30], [16, 29], [17, 28], [20, 25], [7, 18, 23, 27], [8, 19, 22, 26], [1, 2, 3, 4, 5, 6, 9, 10, 11, 12, 13, 14, 21, 24]]
n:30 p:7 g:15 part:[[15, 30], [16, 29], [17, 28], [20, 25], [7, 18, 23, 27], [8, 19, 22, 26], [1, 2, 3, 4, 5, 6, 9, 10, 11, 12, 13, 14, 21, 24]]
n:30 p:7 g:15 part:[[15, 30], [16, 29], [17, 28], [20, 25], [7, 18, 23, 27], [8, 19, 22, 26], [1, 2, 3, 4, 5, 6, 9, 10, 11, 12, 13, 14, 21, 24]]
n:30 p:7 g:15 part:[[15, 30], [16, 29], [17, 28], [19, 26], [20, 25], [7, 8, 18, 22, 23, 27], [1, 2, 3, 4, 5, 6, 9, 10, 11, 12, 13, 14, 21, 24]]
n:30 p:7 g:15 part:[[15, 30], [16, 29], [19, 26], [20, 25], [7, 17, 23, 28], [8, 18, 22, 27], [1, 2, 3, 4, 5, 6, 9, 10, 11, 12, 13, 14, 21, 24]]
n:30 p:7 g:15 part:[[15, 30], [16, 29], [19, 26], [20, 25], [7, 17, 23, 28], [8, 18, 22, 27], [1, 2, 3, 4, 5, 6, 9, 10, 11, 12, 13, 14, 21, 24]]
n:30 p:7 g:15 part:[[15, 30], [16, 29], [19, 26], [20, 25], [7, 17, 23, 28], [8, 18, 22, 27], [1, 2, 3, 4, 5, 6, 9, 10, 11, 12, 13, 14, 21, 24]]
n:30 p:7 g:15 part:[[15, 30], [18, 27], [19, 26], [20, 25], [7, 16, 23, 29], [8, 17, 22, 28], [1, 2, 3, 4, 5, 6, 9, 10, 11, 12, 13, 14, 21, 24]]
n:30 p:7 g:15 part:[[15, 30], [18, 27], [19, 26], [20, 25], [7, 16, 23, 29], [8, 17, 22, 28], [1, 2, 3, 4, 5, 6, 9, 10, 11, 12, 13, 14, 21, 24]]
n:30 p:7 g:15 part:[[17, 28], [18, 27], [19, 26], [20, 25], [7, 15, 23, 30], [8, 16, 22, 29], [1, 2, 3, 4, 5, 6, 9, 10, 11, 12, 13, 14, 21, 24]]
n:30 p:5 g:3 part:[[3, 30], [4, 29], [5, 28], [6, 27], [1, 2, 7, 8, 9, 10, 11, 12, 13, 14, 15, 16, 17, 18, 19, 20, 21, 22, 23, 24, 25, 26]]
n:30 p:5 g:9 part:[[9, 30], [10, 29], [11, 28], [12, 27], [1, 2, 3, 4, 5, 6, 7, 8, 13, 14, 15, 16, 17, 18, 19, 20, 21, 22, 23, 24, 25, 26]]
n:30 p:5 g:15 part:[[15, 30], [16, 29], [17, 28], [18, 27], [1, 2, 3, 4, 5, 6, 7, 8, 9, 10, 11, 12, 13, 14, 19, 20, 21, 22, 23, 24, 25, 26]]
n:30 p:5 g:21 part:[[21, 30], [22, 29], [23, 28], [24, 27], [1, 2, 3, 4, 5, 6, 7, 8, 9, 10, 11, 12, 13, 14, 15, 16, 17, 18, 19, 20, 25, 26]]
n:30 p:5 g:27 part:[[27, 30], [28, 29], [1, 26], [2, 25], [3, 4, 5, 6, 7, 8, 9, 10, 11, 12, 13, 14, 15, 16, 17, 18, 19, 20, 21, 22, 23, 24]]
n:30 p:5 g:3 part:[[3, 30], [4, 29], [5, 28], [6, 8, 22, 27], [1, 2, 7, 9, 10, 11, 12, 13, 14, 15, 16, 17, 18, 19, 20, 21, 23, 24, 25, 26]]
n:30 p:5 g:9 part:[[9, 30], [10, 29], [11, 28], [5, 12, 25, 27], [1, 2, 3, 4, 6, 7, 8, 13, 14, 15, 16, 17, 18, 19, 20, 21, 22, 23, 24, 26]]
n:30 p:5 g:15 part:[[15, 30], [16, 29], [17, 28], [5, 18, 25, 27], [1, 2, 3, 4, 6, 7, 8, 9, 10, 11, 12, 13, 14, 19, 20, 21, 22, 23, 24, 26]]
n:30 p:5 g:21 part:[[21, 30], [22, 29], [23, 28], [10, 20, 24, 27], [1, 2, 3, 4, 5, 6, 7, 8, 9, 11, 12, 13, 14, 15, 16, 17, 18, 19, 25, 26]]
n:30 p:5 g:27 part:[[27, 30], [28, 29], [1, 26], [2, 7, 23, 25], [3, 4, 5, 6, 8, 9, 10, 11, 12, 13, 14, 15, 16, 17, 18, 19, 20, 21, 22, 24]]
n:30 p:5 g:3 part:[[3, 30], [4, 29], [5, 28], [6, 8, 10, 20, 22, 27], [1, 2, 7, 9, 11, 12, 13, 14, 15, 16, 17, 18, 19, 21, 23, 24, 25, 26]]
n:30 p:5 g:9 part:[[9, 30], [10, 29], [11, 28], [5, 7, 12, 23, 25, 27], [1, 2, 3, 4, 6, 8, 13, 14, 15, 16, 17, 18, 19, 20, 21, 22, 24, 26]]
n:30 p:5 g:15 part:[[15, 30], [16, 29], [17, 28], [5, 7, 18, 23, 25, 27], [1, 2, 3, 4, 6, 8, 9, 10, 11, 12, 13, 14, 19, 20, 21, 22, 24, 26]]
n:30 p:5 g:21 part:[[21, 30], [22, 29], [23, 28], [10, 12, 18, 20, 24, 27], [1, 2, 3, 4, 5, 6, 7, 8, 9, 11, 13, 14, 15, 16, 17, 19, 25, 26]]
n:30 p:5 g:27 part:[[27, 30], [28, 29], [1, 26], [2, 7, 9, 21, 23, 25], [3, 4, 5, 6, 8, 10, 11, 12, 13, 14, 15, 16, 17, 18, 19, 20, 22, 24]]
n:30 p:5 g:3 part:[[3, 30], [4, 29], [5, 28], [6, 8, 10, 12, 18, 20, 22, 27], [1, 2, 7, 9, 11, 13, 14, 15, 16, 17, 19, 21, 23, 24, 25, 26]]
n:30 p:5 g:9 part:[[9, 30], [10, 29], [11, 28], [5, 7, 12, 14, 16, 23, 25, 27], [1, 2, 3, 4, 6, 8, 13, 15, 17, 18, 19, 20, 21, 22, 24, 26]]
n:30 p:5 g:15 part:[[15, 30], [16, 29], [17, 28], [5, 7, 9, 18, 21, 23, 25, 27], [1, 2, 3, 4, 6, 8, 10, 11, 12, 13, 14, 19, 20, 22, 24, 26]]
n:30 p:5 g:21 part:[[21, 30], [22, 29], [23, 28], [10, 12, 14, 16, 18, 20, 24, 27], [1, 2, 3, 4, 5, 6, 7, 8, 9, 11, 13, 15, 17, 19, 25, 26]]
n:30 p:5 g:27 part:[[27, 30], [28, 29], [1, 26], [2, 7, 9, 11, 19, 21, 23, 25], [3, 4, 5, 6, 8, 10, 12, 13, 14, 15, 16, 17, 18, 20, 22, 24]]
n:30 p:5 g:3 part:[[3, 30], [4, 29], [5, 28], [6, 8, 10, 12, 14, 16, 18, 20, 22, 27], [1, 2, 7, 9, 11, 13, 15, 17, 19, 21, 23, 24, 25, 26]]
n:30 p:5 g:9 part:[[9, 30], [10, 29], [11, 28], [5, 7, 8, 12, 14, 16, 22, 23, 25, 27], [1, 2, 3, 4, 6, 13, 15, 17, 18, 19, 20, 21, 24, 26]]
n:30 p:5 g:15 part:[[15, 30], [16, 29], [17, 28], [5, 7, 9, 10, 18, 20, 21, 23, 25, 27], [1, 2, 3, 4, 6, 8, 11, 12, 13, 14, 19, 22, 24, 26]]
n:30 p:5 g:21 part:[[21, 30], [22, 29], [23, 28], [10, 12, 13, 14, 16, 17, 18, 20, 24, 27], [1, 2, 3, 4, 5, 6, 7, 8, 9, 11, 15, 19, 25, 26]]
n:30 p:5 g:27 part:[[27, 30], [28, 29], [1, 26], [2, 7, 9, 11, 13, 17, 19, 21, 23, 25], [3, 4, 5, 6, 8, 10, 12, 14, 15, 16, 18, 20, 22, 24]]
n:30 p:5 g:3 part:[[3, 30], [4, 29], [5, 28], [6, 8, 10, 12, 13, 14, 16, 17, 18, 20, 22, 27], [1, 2, 7, 9, 11, 15, 19, 21, 23, 24, 25, 26]]
n:30 p:5 g:9 part:[[9, 30], [10, 29], [11, 28], [5, 7, 8, 12, 14, 16, 22, 23, 25, 27], [1, 2, 3, 4, 6, 13, 15, 17, 18, 19, 20, 21, 24, 26]]
n:30 p:5 g:15 part:[[15, 30], [16, 29], [17, 28], [5, 7, 9, 10, 18, 20, 21, 23, 25, 27], [1, 2, 3, 4, 6, 8, 11, 12, 13, 14, 19, 22, 24, 26]]
n:30 p:5 g:21 part:[[21, 30], [22, 29], [23, 28], [10, 12, 13, 14, 16, 17, 18, 20, 24, 27], [1, 2, 3, 4, 5, 6, 7, 8, 9, 11, 15, 19, 25, 26]]
n:30 p:5 g:27 part:[[27, 30], [28, 29], [1, 26], [2, 7, 9, 11, 13, 14, 16, 17, 19, 21, 23, 25], [3, 4, 5, 6, 8, 10, 12, 15, 18, 20, 22, 24]]
n:30 p:5 g:3 part:[[3, 30], [4, 29], [5, 8, 22, 28], [6, 9, 21, 27], [1, 2, 7, 10, 11, 12, 13, 14, 15, 16, 17, 18, 19, 20, 23, 24, 25, 26]]
n:30 p:5 g:9 part:[[9, 30], [10, 29], [5, 11, 25, 28], [6, 12, 24, 27], [1, 2, 3, 4, 7, 8, 13, 14, 15, 16, 17, 18, 19, 20, 21, 22, 23, 26]]
n:30 p:5 g:15 part:[[15, 30], [16, 29], [5, 17, 25, 28], [6, 18, 24, 27], [1, 2, 3, 4, 7, 8, 9, 10, 11, 12, 13, 14, 19, 20, 21, 22, 23, 26]]
n:30 p:5 g:21 part:[[21, 30], [22, 29], [10, 20, 23, 28], [11, 19, 24, 27], [1, 2, 3, 4, 5, 6, 7, 8, 9, 12, 13, 14, 15, 16, 17, 18, 25, 26]]
n:30 p:5 g:27 part:[[27, 30], [28, 29], [1, 7, 23, 26], [2, 8, 22, 25], [3, 4, 5, 6, 9, 10, 11, 12, 13, 14, 15, 16, 17, 18, 19, 20, 21, 24]]
n:30 p:5 g:3 part:[[3, 30], [4, 29], [5, 8, 22, 28], [6, 9, 11, 19, 21, 27], [1, 2, 7, 10, 12, 13, 14, 15, 16, 17, 18, 20, 23, 24, 25, 26]]
n:30 p:5 g:9 part:[[9, 30], [10, 29], [5, 11, 25, 28], [6, 8, 12, 22, 24, 27], [1, 2, 3, 4, 7, 13, 14, 15, 16, 17, 18, 19, 20, 21, 23, 26]]
n:30 p:5 g:15 part:[[15, 30], [16, 29], [5, 17, 25, 28], [6, 8, 18, 22, 24, 27], [1, 2, 3, 4, 7, 9, 10, 11, 12, 13, 14, 19, 20, 21, 23, 26]]
n:30 p:5 g:21 part:[[21, 30], [22, 29], [10, 20, 23, 28], [11, 13, 17, 19, 24, 27], [1, 2, 3, 4, 5, 6, 7, 8, 9, 12, 14, 15, 16, 18, 25, 26]]
n:30 p:5 g:27 part:[[27, 30], [28, 29], [1, 7, 23, 26], [2, 8, 10, 20, 22, 25], [3, 4, 5, 6, 9, 11, 12, 13, 14, 15, 16, 17, 18, 19, 21, 24]]
n:30 p:5 g:3 part:[[3, 30], [4, 29], [5, 8, 22, 28], [6, 9, 11, 13, 17, 19, 21, 27], [1, 2, 7, 10, 12, 14, 15, 16, 18, 20, 23, 24, 25, 26]]
n:30 p:5 g:9 part:[[9, 30], [10, 29], [5, 11, 25, 28], [6, 8, 12, 14, 16, 22, 24, 27], [1, 2, 3, 4, 7, 13, 15, 17, 18, 19, 20, 21, 23, 26]]
n:30 p:5 g:15 part:[[15, 30], [16, 29], [5, 17, 25, 28], [6, 8, 10, 18, 20, 22, 24, 27], [1, 2, 3, 4, 7, 9, 11, 12, 13, 14, 19, 21, 23, 26]]
n:30 p:5 g:21 part:[[21, 30], [22, 29], [10, 20, 23, 28], [11, 13, 14, 16, 17, 19, 24, 27], [1, 2, 3, 4, 5, 6, 7, 8, 9, 12, 15, 18, 25, 26]]
n:30 p:5 g:27 part:[[27, 30], [28, 29], [1, 7, 23, 26], [2, 8, 10, 12, 18, 20, 22, 25], [3, 4, 5, 6, 9, 11, 13, 14, 15, 16, 17, 19, 21, 24]]
n:30 p:5 g:3 part:[[3, 30], [4, 29], [5, 8, 22, 28], [6, 9, 11, 13, 14, 16, 17, 19, 21, 27], [1, 2, 7, 10, 12, 15, 18, 20, 23, 24, 25, 26]]
n:30 p:5 g:9 part:[[9, 30], [10, 29], [5, 11, 25, 28], [6, 7, 8, 12, 14, 16, 22, 23, 24, 27], [1, 2, 3, 4, 13, 15, 17, 18, 19, 20, 21, 26]]
n:30 p:5 g:15 part:[[15, 30], [16, 29], [5, 17, 25, 28], [6, 8, 9, 10, 18, 20, 21, 22, 24, 27], [1, 2, 3, 4, 7, 11, 12, 13, 14, 19, 23, 26]]
n:30 p:5 g:21 part:[[21, 30], [22, 29], [10, 20, 23, 28], [11, 13, 14, 16, 17, 19, 24, 27], [1, 2, 3, 4, 5, 6, 7, 8, 9, 12, 15, 18, 25, 26]]
n:30 p:5 g:27 part:[[27, 30], [28, 29], [1, 7, 23, 26], [2, 8, 10, 12, 14, 16, 18, 20, 22, 25], [3, 4, 5, 6, 9, 11, 13, 15, 17, 19, 21, 24]]
n:30 p:5 g:3 part:[[3, 30], [4, 29], [5, 8, 10, 20, 22, 28], [6, 9, 12, 18, 21, 27], [1, 2, 7, 11, 13, 14, 15, 16, 17, 19, 23, 24, 25, 26]]
n:30 p:5 g:9 part:[[9, 30], [10, 29], [5, 7, 11, 23, 25, 28], [6, 12, 14, 16, 24, 27], [1, 2, 3, 4, 8, 13, 15, 17, 18, 19, 20, 21, 22, 26]]
n:30 p:5 g:15 part:[[15, 30], [16, 29], [5, 7, 17, 23, 25, 28], [6, 9, 18, 21, 24, 27], [1, 2, 3, 4, 8, 10, 11, 12, 13, 14, 19, 20, 22, 26]]
n:30 p:5 g:21 part:[[21, 30], [22, 29], [10, 12, 18, 20, 23, 28], [11, 14, 16, 19, 24, 27], [1, 2, 3, 4, 5, 6, 7, 8, 9, 13, 15, 17, 25, 26]]
n:30 p:5 g:27 part:[[27, 30], [28, 29], [1, 7, 9, 21, 23, 26], [2, 8, 11, 19, 22, 25], [3, 4, 5, 6, 10, 12, 13, 14, 15, 16, 17, 18, 20, 24]]
n:30 p:5 g:3 part:[[3, 30], [4, 29], [5, 8, 10, 20, 22, 28], [6, 9, 12, 14, 16, 18, 21, 27], [1, 2, 7, 11, 13, 15, 17, 19, 23, 24, 25, 26]]
n:30 p:5 g:9 part:[[9, 30], [10, 29], [5, 7, 11, 23, 25, 28], [6, 8, 12, 14, 16, 22, 24, 27], [1, 2, 3, 4, 13, 15, 17, 18, 19, 20, 21, 26]]
n:30 p:5 g:15 part:[[15, 30], [16, 29], [5, 7, 17, 23, 25, 28], [6, 9, 10, 18, 20, 21, 24, 27], [1, 2, 3, 4, 8, 11, 12, 13, 14, 19, 22, 26]]
n:30 p:5 g:21 part:[[21, 30], [22, 29], [10, 12, 18, 20, 23, 28], [11, 13, 14, 16, 17, 19, 24, 27], [1, 2, 3, 4, 5, 6, 7, 8, 9, 15, 25, 26]]
n:30 p:5 g:27 part:[[27, 30], [28, 29], [1, 7, 9, 21, 23, 26], [2, 8, 11, 13, 17, 19, 22, 25], [3, 4, 5, 6, 10, 12, 14, 15, 16, 18, 20, 24]]
n:30 p:5 g:3 part:[[3, 30], [4, 29], [5, 8, 10, 20, 22, 28], [6, 9, 12, 13, 14, 16, 17, 18, 21, 27], [1, 2, 7, 11, 15, 19, 23, 24, 25, 26]]
n:30 p:5 g:9 part:[[9, 30], [10, 29], [5, 7, 11, 23, 25, 28], [6, 8, 12, 14, 16, 22, 24, 27], [1, 2, 3, 4, 13, 15, 17, 18, 19, 20, 21, 26]]
n:30 p:5 g:15 part:[[15, 30], [16, 29], [5, 7, 17, 23, 25, 28], [6, 9, 10, 18, 20, 21, 24, 27], [1, 2, 3, 4, 8, 11, 12, 13, 14, 19, 22, 26]]
n:30 p:5 g:21 part:[[21, 30], [22, 29], [10, 12, 18, 20, 23, 28], [11, 13, 14, 16, 17, 19, 24, 27], [1, 2, 3, 4, 5, 6, 7, 8, 9, 15, 25, 26]]
n:30 p:5 g:27 part:[[27, 30], [28, 29], [1, 7, 9, 21, 23, 26], [2, 8, 11, 13, 14, 16, 17, 19, 22, 25], [3, 4, 5, 6, 10, 12, 15, 18, 20, 24]]
n:30 p:5 g:3 part:[[3, 30], [4, 29], [5, 8, 10, 12, 18, 20, 22, 28], [6, 9, 13, 14, 16, 17, 21, 27], [1, 2, 7, 11, 15, 19, 23, 24, 25, 26]]
n:30 p:5 g:9 part:[[9, 30], [10, 29], [6, 8, 12, 22, 24, 27], [5, 7, 11, 14, 16, 23, 25, 28], [1, 2, 3, 4, 13, 15, 17, 18, 19, 20, 21, 26]]
n:30 p:5 g:15 part:[[15, 30], [16, 29], [5, 7, 9, 17, 21, 23, 25, 28], [6, 8, 10, 18, 20, 22, 24, 27], [1, 2, 3, 4, 11, 12, 13, 14, 19, 26]]
n:30 p:5 g:21 part:[[21, 30], [22, 29], [11, 13, 17, 19, 24, 27], [10, 12, 14, 16, 18, 20, 23, 28], [1, 2, 3, 4, 5, 6, 7, 8, 9, 15, 25, 26]]
n:30 p:5 g:27 part:[[27, 30], [28, 29], [1, 7, 9, 11, 19, 21, 23, 26], [2, 8, 12, 14, 16, 18, 22, 25], [3, 4, 5, 6, 10, 13, 15, 17, 20, 24]]
n:30 p:5 g:3 part:[[3, 30], [4, 8, 22, 29], [5, 9, 21, 28], [6, 10, 20, 27], [1, 2, 7, 11, 12, 13, 14, 15, 16, 17, 18, 19, 23, 24, 25, 26]]
n:30 p:5 g:9 part:[[9, 30], [5, 10, 25, 29], [6, 11, 24, 28], [7, 12, 23, 27], [1, 2, 3, 4, 8, 13, 14, 15, 16, 17, 18, 19, 20, 21, 22, 26]]
n:30 p:5 g:15 part:[[15, 30], [5, 16, 25, 29], [6, 17, 24, 28], [7, 18, 23, 27], [1, 2, 3, 4, 8, 9, 10, 11, 12, 13, 14, 19, 20, 21, 22, 26]]
n:30 p:5 g:21 part:[[21, 30], [10, 20, 22, 29], [11, 19, 23, 28], [12, 18, 24, 27], [1, 2, 3, 4, 5, 6, 7, 8, 9, 13, 14, 15, 16, 17, 25, 26]]
n:30 p:5 g:27 part:[[27, 30], [7, 23, 28, 29], [1, 8, 22, 26], [2, 9, 21, 25], [3, 4, 5, 6, 10, 11, 12, 13, 14, 15, 16, 17, 18, 19, 20, 24]]
n:30 p:5 g:3 part:[[3, 30], [4, 8, 22, 29], [5, 9, 21, 28], [6, 10, 12, 18, 20, 27], [1, 2, 7, 11, 13, 14, 15, 16, 17, 19, 23, 24, 25, 26]]
n:30 p:5 g:9 part:[[9, 30], [5, 10, 25, 29], [6, 11, 24, 28], [7, 12, 14, 16, 23, 27], [1, 2, 3, 4, 8, 13, 15, 17, 18, 19, 20, 21, 22, 26]]
n:30 p:5 g:15 part:[[15, 30], [5, 16, 25, 29], [6, 17, 24, 28], [7, 9, 18, 21, 23, 27], [1, 2, 3, 4, 8, 10, 11, 12, 13, 14, 19, 20, 22, 26]]
n:30 p:5 g:21 part:[[21, 30], [10, 20, 22, 29], [11, 19, 23, 28], [12, 14, 16, 18, 24, 27], [1, 2, 3, 4, 5, 6, 7, 8, 9, 13, 15, 17, 25, 26]]
n:30 p:5 g:27 part:[[27, 30], [7, 23, 28, 29], [1, 8, 22, 26], [2, 9, 11, 19, 21, 25], [3, 4, 5, 6, 10, 12, 13, 14, 15, 16, 17, 18, 20, 24]]
n:30 p:5 g:3 part:[[3, 30], [4, 8, 22, 29], [5, 9, 21, 28], [6, 10, 12, 14, 16, 18, 20, 27], [1, 2, 7, 11, 13, 15, 17, 19, 23, 24, 25, 26]]
n:30 p:5 g:9 part:[[9, 30], [5, 10, 25, 29], [6, 11, 24, 28], [7, 8, 12, 14, 16, 22, 23, 27], [1, 2, 3, 4, 13, 15, 17, 18, 19, 20, 21, 26]]
n:30 p:5 g:15 part:[[15, 30], [5, 16, 25, 29], [6, 17, 24, 28], [7, 9, 10, 18, 20, 21, 23, 27], [1, 2, 3, 4, 8, 11, 12, 13, 14, 19, 22, 26]]
n:30 p:5 g:21 part:[[21, 30], [10, 20, 22, 29], [11, 19, 23, 28], [12, 13, 14, 16, 17, 18, 24, 27], [1, 2, 3, 4, 5, 6, 7, 8, 9, 15, 25, 26]]
n:30 p:5 g:27 part:[[27, 30], [7, 23, 28, 29], [1, 8, 22, 26], [2, 9, 11, 13, 17, 19, 21, 25], [3, 4, 5, 6, 10, 12, 14, 15, 16, 18, 20, 24]]
n:30 p:5 g:3 part:[[3, 30], [4, 8, 22, 29], [5, 9, 21, 28], [6, 10, 12, 13, 14, 16, 17, 18, 20, 27], [1, 2, 7, 11, 15, 19, 23, 24, 25, 26]]
n:30 p:5 g:9 part:[[9, 30], [5, 10, 25, 29], [6, 11, 24, 28], [7, 8, 12, 14, 16, 22, 23, 27], [1, 2, 3, 4, 13, 15, 17, 18, 19, 20, 21, 26]]
n:30 p:5 g:15 part:[[15, 30], [5, 16, 25, 29], [6, 17, 24, 28], [7, 9, 10, 18, 20, 21, 23, 27], [1, 2, 3, 4, 8, 11, 12, 13, 14, 19, 22, 26]]
n:30 p:5 g:21 part:[[21, 30], [10, 20, 22, 29], [11, 19, 23, 28], [12, 13, 14, 16, 17, 18, 24, 27], [1, 2, 3, 4, 5, 6, 7, 8, 9, 15, 25, 26]]
n:30 p:5 g:27 part:[[27, 30], [7, 23, 28, 29], [1, 8, 22, 26], [2, 9, 11, 13, 14, 16, 17, 19, 21, 25], [3, 4, 5, 6, 10, 12, 15, 18, 20, 24]]
n:30 p:5 g:3 part:[[3, 30], [4, 8, 22, 29], [5, 9, 11, 19, 21, 28], [6, 10, 13, 17, 20, 27], [1, 2, 7, 12, 14, 15, 16, 18, 23, 24, 25, 26]]
n:30 p:5 g:9 part:[[9, 30], [5, 10, 25, 29], [6, 8, 11, 22, 24, 28], [7, 12, 14, 16, 23, 27], [1, 2, 3, 4, 13, 15, 17, 18, 19, 20, 21, 26]]
n:30 p:5 g:15 part:[[15, 30], [5, 16, 25, 29], [6, 8, 17, 22, 24, 28], [7, 10, 18, 20, 23, 27], [1, 2, 3, 4, 9, 11, 12, 13, 14, 19, 21, 26]]
n:30 p:5 g:21 part:[[21, 30], [10, 20, 22, 29], [11, 13, 17, 19, 23, 28], [12, 14, 16, 18, 24, 27], [1, 2, 3, 4, 5, 6, 7, 8, 9, 15, 25, 26]]
n:30 p:5 g:27 part:[[27, 30], [7, 23, 28, 29], [1, 8, 10, 20, 22, 26], [2, 9, 12, 18, 21, 25], [3, 4, 5, 6, 11, 13, 14, 15, 16, 17, 19, 24]]
n:30 p:5 g:3 part:[[3, 30], [4, 8, 22, 29], [5, 9, 11, 19, 21, 28], [6, 10, 13, 14, 16, 17, 20, 27], [1, 2, 7, 12, 15, 18, 23, 24, 25, 26]]
n:30 p:5 g:9 part:[[9, 30], [5, 10, 25, 29], [6, 8, 11, 22, 24, 28], [7, 12, 14, 16, 23, 27], [1, 2, 3, 4, 13, 15, 17, 18, 19, 20, 21, 26]]
n:30 p:5 g:15 part:[[15, 30], [5, 16, 25, 29], [6, 8, 17, 22, 24, 28], [7, 9, 10, 18, 20, 21, 23, 27], [1, 2, 3, 4, 11, 12, 13, 14, 19, 26]]
n:30 p:5 g:21 part:[[21, 30], [10, 20, 22, 29], [11, 13, 17, 19, 23, 28], [12, 14, 16, 18, 24, 27], [1, 2, 3, 4, 5, 6, 7, 8, 9, 15, 25, 26]]
n:30 p:5 g:27 part:[[27, 30], [7, 23, 28, 29], [1, 8, 10, 20, 22, 26], [2, 9, 12, 14, 16, 18, 21, 25], [3, 4, 5, 6, 11, 13, 15, 17, 19, 24]]
n:30 p:5 g:3 part:[[3, 30], [4, 8, 22, 29], [5, 9, 11, 13, 17, 19, 21, 28], [6, 10, 12, 14, 16, 18, 20, 27], [1, 2, 7, 15, 23, 24, 25, 26]]
n:30 p:5 g:9 part:[[9, 30], [5, 10, 25, 29], [7, 12, 23, 27], [6, 8, 11, 14, 16, 22, 24, 28], [1, 2, 3, 4, 13, 15, 17, 18, 19, 20, 21, 26]]
n:30 p:5 g:15 part:[[15, 30], [5, 16, 25, 29], [7, 9, 18, 21, 23, 27], [6, 8, 10, 17, 20, 22, 24, 28], [1, 2, 3, 4, 11, 12, 13, 14, 19, 26]]
n:30 p:5 g:21 part:[[21, 30], [10, 20, 22, 29], [12, 18, 24, 27], [11, 13, 14, 16, 17, 19, 23, 28], [1, 2, 3, 4, 5, 6, 7, 8, 9, 15, 25, 26]]
n:30 p:5 g:27 part:[[27, 30], [7, 23, 28, 29], [1, 8, 10, 12, 18, 20, 22, 26], [2, 9, 13, 14, 16, 17, 21, 25], [3, 4, 5, 6, 11, 15, 19, 24]]
n:30 p:5 g:3 part:[[3, 30], [4, 8, 10, 20, 22, 29], [5, 9, 12, 18, 21, 28], [6, 11, 14, 16, 19, 27], [1, 2, 7, 13, 15, 17, 23, 24, 25, 26]]
n:30 p:5 g:9 part:[[9, 30], [8, 12, 22, 27], [5, 7, 10, 23, 25, 29], [6, 11, 14, 16, 24, 28], [1, 2, 3, 4, 13, 15, 17, 18, 19, 20, 21, 26]]
n:30 p:5 g:15 part:[[15, 30], [5, 7, 16, 23, 25, 29], [6, 9, 17, 21, 24, 28], [8, 10, 18, 20, 22, 27], [1, 2, 3, 4, 11, 12, 13, 14, 19, 26]]
n:30 p:5 g:21 part:[[21, 30], [13, 17, 24, 27], [10, 12, 18, 20, 22, 29], [11, 14, 16, 19, 23, 28], [1, 2, 3, 4, 5, 6, 7, 8, 9, 15, 25, 26]]
n:30 p:5 g:27 part:[[27, 30], [7, 9, 21, 23, 28, 29], [1, 8, 11, 19, 22, 26], [2, 10, 13, 17, 20, 25], [3, 4, 5, 6, 12, 14, 15, 16, 18, 24]]
n:30 p:5 g:3 part:[[3, 30], [4, 8, 10, 20, 22, 29], [5, 9, 12, 18, 21, 28], [6, 11, 13, 14, 16, 17, 19, 27], [1, 2, 7, 15, 23, 24, 25, 26]]
n:30 p:5 g:9 part:[[9, 30], [8, 12, 22, 27], [5, 7, 10, 23, 25, 29], [6, 11, 14, 16, 24, 28], [1, 2, 3, 4, 13, 15, 17, 18, 19, 20, 21, 26]]
n:30 p:5 g:15 part:[[15, 30], [5, 7, 16, 23, 25, 29], [6, 9, 17, 21, 24, 28], [8, 10, 18, 20, 22, 27], [1, 2, 3, 4, 11, 12, 13, 14, 19, 26]]
n:30 p:5 g:21 part:[[21, 30], [13, 17, 24, 27], [10, 12, 18, 20, 22, 29], [11, 14, 16, 19, 23, 28], [1, 2, 3, 4, 5, 6, 7, 8, 9, 15, 25, 26]]
n:30 p:5 g:27 part:[[27, 30], [7, 9, 21, 23, 28, 29], [1, 8, 11, 19, 22, 26], [2, 10, 13, 14, 16, 17, 20, 25], [3, 4, 5, 6, 12, 15, 18, 24]]
n:30 p:5 g:3 part:[[3, 8, 22, 30], [4, 9, 21, 29], [5, 10, 20, 28], [6, 11, 19, 27], [1, 2, 7, 12, 13, 14, 15, 16, 17, 18, 23, 24, 25, 26]]
n:30 p:5 g:9 part:[[5, 9, 25, 30], [6, 10, 24, 29], [7, 11, 23, 28], [8, 12, 22, 27], [1, 2, 3, 4, 13, 14, 15, 16, 17, 18, 19, 20, 21, 26]]
n:30 p:5 g:15 part:[[5, 15, 25, 30], [6, 16, 24, 29], [7, 17, 23, 28], [8, 18, 22, 27], [1, 2, 3, 4, 9, 10, 11, 12, 13, 14, 19, 20, 21, 26]]
n:30 p:5 g:21 part:[[10, 20, 21, 30], [11, 19, 22, 29], [12, 18, 23, 28], [13, 17, 24, 27], [1, 2, 3, 4, 5, 6, 7, 8, 9, 14, 15, 16, 25, 26]]
n:30 p:5 g:27 part:[[7, 23, 27, 30], [8, 22, 28, 29], [1, 9, 21, 26], [2, 10, 20, 25], [3, 4, 5, 6, 11, 12, 13, 14, 15, 16, 17, 18, 19, 24]]
n:30 p:5 g:3 part:[[3, 8, 22, 30], [4, 9, 21, 29], [5, 10, 20, 28], [6, 11, 13, 17, 19, 27], [1, 2, 7, 12, 14, 15, 16, 18, 23, 24, 25, 26]]
n:30 p:5 g:9 part:[[5, 9, 25, 30], [6, 10, 24, 29], [7, 11, 23, 28], [8, 12, 14, 16, 22, 27], [1, 2, 3, 4, 13, 15, 17, 18, 19, 20, 21, 26]]
n:30 p:5 g:15 part:[[5, 15, 25, 30], [6, 16, 24, 29], [7, 17, 23, 28], [8, 10, 18, 20, 22, 27], [1, 2, 3, 4, 9, 11, 12, 13, 14, 19, 21, 26]]
n:30 p:5 g:21 part:[[10, 20, 21, 30], [11, 19, 22, 29], [12, 18, 23, 28], [13, 14, 16, 17, 24, 27], [1, 2, 3, 4, 5, 6, 7, 8, 9, 15, 25, 26]]
n:30 p:5 g:27 part:[[7, 23, 27, 30], [8, 22, 28, 29], [1, 9, 21, 26], [2, 10, 12, 18, 20, 25], [3, 4, 5, 6, 11, 13, 14, 15, 16, 17, 19, 24]]
n:30 p:5 g:3 part:[[3, 8, 22, 30], [4, 9, 21, 29], [5, 10, 20, 28], [6, 11, 13, 14, 16, 17, 19, 27], [1, 2, 7, 12, 15, 18, 23, 24, 25, 26]]
n:30 p:5 g:9 part:[[5, 9, 25, 30], [6, 10, 24, 29], [7, 11, 23, 28], [8, 12, 14, 16, 22, 27], [1, 2, 3, 4, 13, 15, 17, 18, 19, 20, 21, 26]]
n:30 p:5 g:15 part:[[5, 15, 25, 30], [6, 16, 24, 29], [7, 17, 23, 28], [8, 9, 10, 18, 20, 21, 22, 27], [1, 2, 3, 4, 11, 12, 13, 14, 19, 26]]
n:30 p:5 g:21 part:[[10, 20, 21, 30], [11, 19, 22, 29], [12, 18, 23, 28], [13, 14, 16, 17, 24, 27], [1, 2, 3, 4, 5, 6, 7, 8, 9, 15, 25, 26]]
n:30 p:5 g:27 part:[[7, 23, 27, 30], [8, 22, 28, 29], [1, 9, 21, 26], [2, 10, 12, 14, 16, 18, 20, 25], [3, 4, 5, 6, 11, 13, 15, 17, 19, 24]]
n:30 p:5 g:3 part:[[3, 8, 22, 30], [4, 9, 21, 29], [5, 10, 12, 18, 20, 28], [6, 11, 14, 16, 19, 27], [1, 2, 7, 13, 15, 17, 23, 24, 25, 26]]
n:30 p:5 g:9 part:[[5, 9, 25, 30], [6, 10, 24, 29], [8, 12, 22, 27], [7, 11, 14, 16, 23, 28], [1, 2, 3, 4, 13, 15, 17, 18, 19, 20, 21, 26]]
n:30 p:5 g:15 part:[[5, 15, 25, 30], [6, 16, 24, 29], [7, 9, 17, 21, 23, 28], [8, 10, 18, 20, 22, 27], [1, 2, 3, 4, 11, 12, 13, 14, 19, 26]]
n:30 p:5 g:21 part:[[10, 20, 21, 30], [11, 19, 22, 29], [13, 17, 24, 27], [12, 14, 16, 18, 23, 28], [1, 2, 3, 4, 5, 6, 7, 8, 9, 15, 25, 26]]
n:30 p:5 g:27 part:[[7, 23, 27, 30], [8, 22, 28, 29], [1, 9, 11, 19, 21, 26], [2, 10, 13, 17, 20, 25], [3, 4, 5, 6, 12, 14, 15, 16, 18, 24]]
n:30 p:5 g:3 part:[[3, 8, 22, 30], [4, 9, 21, 29], [5, 10, 12, 18, 20, 28], [6, 11, 13, 14, 16, 17, 19, 27], [1, 2, 7, 15, 23, 24, 25, 26]]
n:30 p:5 g:9 part:[[5, 9, 25, 30], [6, 10, 24, 29], [8, 12, 22, 27], [7, 11, 14, 16, 23, 28], [1, 2, 3, 4, 13, 15, 17, 18, 19, 20, 21, 26]]
n:30 p:5 g:15 part:[[5, 15, 25, 30], [6, 16, 24, 29], [7, 9, 17, 21, 23, 28], [8, 10, 18, 20, 22, 27], [1, 2, 3, 4, 11, 12, 13, 14, 19, 26]]
n:30 p:5 g:21 part:[[10, 20, 21, 30], [11, 19, 22, 29], [13, 17, 24, 27], [12, 14, 16, 18, 23, 28], [1, 2, 3, 4, 5, 6, 7, 8, 9, 15, 25, 26]]
n:30 p:5 g:27 part:[[7, 23, 27, 30], [8, 22, 28, 29], [1, 9, 11, 19, 21, 26], [2, 10, 13, 14, 16, 17, 20, 25], [3, 4, 5, 6, 12, 15, 18, 24]]
n:30 p:5 g:3 part:[[3, 8, 22, 30], [4, 9, 11, 19, 21, 29], [5, 10, 13, 17, 20, 28], [6, 12, 14, 16, 18, 27], [1, 2, 7, 15, 23, 24, 25, 26]]
n:30 p:5 g:9 part:[[12, 27], [5, 9, 25, 30], [6, 8, 10, 22, 24, 29], [7, 11, 14, 16, 23, 28], [1, 2, 3, 4, 13, 15, 17, 18, 19, 20, 21, 26]]
n:30 p:5 g:15 part:[[5, 15, 25, 30], [9, 18, 21, 27], [6, 8, 16, 22, 24, 29], [7, 10, 17, 20, 23, 28], [1, 2, 3, 4, 11, 12, 13, 14, 19, 26]]
n:30 p:5 g:21 part:[[24, 27], [10, 20, 21, 30], [11, 13, 17, 19, 22, 29], [12, 14, 16, 18, 23, 28], [1, 2, 3, 4, 5, 6, 7, 8, 9, 15, 25, 26]]
n:30 p:5 g:27 part:[[7, 23, 27, 30], [8, 10, 20, 22, 28, 29], [1, 9, 12, 18, 21, 26], [2, 11, 14, 16, 19, 25], [3, 4, 5, 6, 13, 15, 17, 24]]
n:30 p:5 g:3 part:[[6, 13, 17, 27], [3, 8, 10, 20, 22, 30], [4, 9, 12, 18, 21, 29], [5, 11, 14, 16, 19, 28], [1, 2, 7, 15, 23, 24, 25, 26]]
n:30 p:5 g:9 part:[[12, 27], [8, 11, 22, 28], [5, 7, 9, 23, 25, 30], [6, 10, 14, 16, 24, 29], [1, 2, 3, 4, 13, 15, 17, 18, 19, 20, 21, 26]]
n:30 p:5 g:15 part:[[18, 27], [5, 7, 15, 23, 25, 30], [6, 9, 16, 21, 24, 29], [8, 10, 17, 20, 22, 28], [1, 2, 3, 4, 11, 12, 13, 14, 19, 26]]
n:30 p:5 g:21 part:[[24, 27], [13, 17, 23, 28], [10, 12, 18, 20, 21, 30], [11, 14, 16, 19, 22, 29], [1, 2, 3, 4, 5, 6, 7, 8, 9, 15, 25, 26]]
n:30 p:5 g:27 part:[[7, 9, 21, 23, 27, 30], [8, 11, 19, 22, 28, 29], [1, 10, 13, 17, 20, 26], [2, 12, 14, 16, 18, 25], [3, 4, 5, 6, 15, 24]]
n:30 p:3 g:5 part:[[5, 30], [6, 29], [1, 2, 3, 4, 7, 8, 9, 10, 11, 12, 13, 14, 15, 16, 17, 18, 19, 20, 21, 22, 23, 24, 25, 26, 27, 28]]
n:30 p:3 g:15 part:[[15, 30], [16, 29], [1, 2, 3, 4, 5, 6, 7, 8, 9, 10, 11, 12, 13, 14, 17, 18, 19, 20, 21, 22, 23, 24, 25, 26, 27, 28]]
n:30 p:3 g:25 part:[[25, 30], [26, 29], [1, 2, 3, 4, 5, 6, 7, 8, 9, 10, 11, 12, 13, 14, 15, 16, 17, 18, 19, 20, 21, 22, 23, 24, 27, 28]]
n:30 p:3 g:5 part:[[5, 30], [3, 6, 27, 29], [1, 2, 4, 7, 8, 9, 10, 11, 12, 13, 14, 15, 16, 17, 18, 19, 20, 21, 22, 23, 24, 25, 26, 28]]
n:30 p:3 g:15 part:[[15, 30], [3, 16, 27, 29], [1, 2, 4, 5, 6, 7, 8, 9, 10, 11, 12, 13, 14, 17, 18, 19, 20, 21, 22, 23, 24, 25, 26, 28]]
n:30 p:3 g:25 part:[[25, 30], [6, 24, 26, 29], [1, 2, 3, 4, 5, 7, 8, 9, 10, 11, 12, 13, 14, 15, 16, 17, 18, 19, 20, 21, 22, 23, 27, 28]]
n:30 p:3 g:5 part:[[5, 30], [3, 6, 8, 22, 27, 29], [1, 2, 4, 7, 9, 10, 11, 12, 13, 14, 15, 16, 17, 18, 19, 20, 21, 23, 24, 25, 26, 28]]
n:30 p:3 g:15 part:[[15, 30], [3, 5, 16, 25, 27, 29], [1, 2, 4, 6, 7, 8, 9, 10, 11, 12, 13, 14, 17, 18, 19, 20, 21, 22, 23, 24, 26, 28]]
n:30 p:3 g:25 part:[[25, 30], [6, 8, 22, 24, 26, 29], [1, 2, 3, 4, 5, 7, 9, 10, 11, 12, 13, 14, 15, 16, 17, 18, 19, 20, 21, 23, 27, 28]]
n:30 p:3 g:5 part:[[5, 30], [3, 6, 8, 10, 20, 22, 27, 29], [1, 2, 4, 7, 9, 11, 12, 13, 14, 15, 16, 17, 18, 19, 21, 23, 24, 25, 26, 28]]
n:30 p:3 g:15 part:[[15, 30], [3, 5, 7, 16, 23, 25, 27, 29], [1, 2, 4, 6, 8, 9, 10, 11, 12, 13, 14, 17, 18, 19, 20, 21, 22, 24, 26, 28]]
n:30 p:3 g:25 part:[[25, 30], [6, 8, 10, 20, 22, 24, 26, 29], [1, 2, 3, 4, 5, 7, 9, 11, 12, 13, 14, 15, 16, 17, 18, 19, 21, 23, 27, 28]]
n:30 p:3 g:5 part:[[5, 30], [3, 6, 8, 10, 12, 18, 20, 22, 27, 29], [1, 2, 4, 7, 9, 11, 13, 14, 15, 16, 17, 19, 21, 23, 24, 25, 26, 28]]
n:30 p:3 g:15 part:[[15, 30], [3, 5, 7, 9, 16, 21, 23, 25, 27, 29], [1, 2, 4, 6, 8, 10, 11, 12, 13, 14, 17, 18, 19, 20, 22, 24, 26, 28]]
n:30 p:3 g:25 part:[[25, 30], [6, 8, 10, 12, 18, 20, 22, 24, 26, 29], [1, 2, 3, 4, 5, 7, 9, 11, 13, 14, 15, 16, 17, 19, 21, 23, 27, 28]]
n:30 p:3 g:5 part:[[5, 30], [3, 6, 8, 10, 12, 14, 16, 18, 20, 22, 27, 29], [1, 2, 4, 7, 9, 11, 13, 15, 17, 19, 21, 23, 24, 25, 26, 28]]
n:30 p:3 g:15 part:[[15, 30], [3, 5, 7, 9, 11, 16, 19, 21, 23, 25, 27, 29], [1, 2, 4, 6, 8, 10, 12, 13, 14, 17, 18, 20, 22, 24, 26, 28]]
n:30 p:3 g:25 part:[[25, 30], [6, 8, 10, 12, 14, 16, 18, 20, 22, 24, 26, 29], [1, 2, 3, 4, 5, 7, 9, 11, 13, 15, 17, 19, 21, 23, 27, 28]]
n:30 p:3 g:5 part:[[5, 30], [3, 6, 8, 10, 12, 13, 14, 16, 17, 18, 20, 22, 27, 29], [1, 2, 4, 7, 9, 11, 15, 19, 21, 23, 24, 25, 26, 28]]
n:30 p:3 g:15 part:[[15, 30], [3, 5, 7, 9, 11, 12, 16, 18, 19, 21, 23, 25, 27, 29], [1, 2, 4, 6, 8, 10, 13, 14, 17, 20, 22, 24, 26, 28]]
n:30 p:3 g:25 part:[[25, 30], [6, 8, 10, 12, 13, 14, 16, 17, 18, 20, 22, 24, 26, 29], [1, 2, 3, 4, 5, 7, 9, 11, 15, 19, 21, 23, 27, 28]]
n:30 p:3 g:5 part:[[3, 5, 27, 30], [4, 6, 26, 29], [1, 2, 7, 8, 9, 10, 11, 12, 13, 14, 15, 16, 17, 18, 19, 20, 21, 22, 23, 24, 25, 28]]
n:30 p:3 g:15 part:[[3, 15, 27, 30], [4, 16, 26, 29], [1, 2, 5, 6, 7, 8, 9, 10, 11, 12, 13, 14, 17, 18, 19, 20, 21, 22, 23, 24, 25, 28]]
n:30 p:3 g:25 part:[[6, 24, 25, 30], [7, 23, 26, 29], [1, 2, 3, 4, 5, 8, 9, 10, 11, 12, 13, 14, 15, 16, 17, 18, 19, 20, 21, 22, 27, 28]]
n:30 p:3 g:5 part:[[3, 5, 27, 30], [4, 6, 9, 21, 26, 29], [1, 2, 7, 8, 10, 11, 12, 13, 14, 15, 16, 17, 18, 19, 20, 22, 23, 24, 25, 28]]
n:30 p:3 g:15 part:[[3, 15, 27, 30], [4, 6, 16, 24, 26, 29], [1, 2, 5, 7, 8, 9, 10, 11, 12, 13, 14, 17, 18, 19, 20, 21, 22, 23, 25, 28]]
n:30 p:3 g:25 part:[[6, 24, 25, 30], [7, 9, 21, 23, 26, 29], [1, 2, 3, 4, 5, 8, 10, 11, 12, 13, 14, 15, 16, 17, 18, 19, 20, 22, 27, 28]]
n:30 p:3 g:5 part:[[3, 5, 27, 30], [4, 6, 9, 11, 19, 21, 26, 29], [1, 2, 7, 8, 10, 12, 13, 14, 15, 16, 17, 18, 20, 22, 23, 24, 25, 28]]
n:30 p:3 g:15 part:[[3, 15, 27, 30], [4, 6, 8, 16, 22, 24, 26, 29], [1, 2, 5, 7, 9, 10, 11, 12, 13, 14, 17, 18, 19, 20, 21, 23, 25, 28]]
n:30 p:3 g:25 part:[[6, 24, 25, 30], [7, 9, 11, 19, 21, 23, 26, 29], [1, 2, 3, 4, 5, 8, 10, 12, 13, 14, 15, 16, 17, 18, 20, 22, 27, 28]]
n:30 p:3 g:5 part:[[3, 5, 27, 30], [4, 6, 9, 11, 13, 17, 19, 21, 26, 29], [1, 2, 7, 8, 10, 12, 14, 15, 16, 18, 20, 22, 23, 24, 25, 28]]
n:30 p:3 g:15 part:[[3, 15, 27, 30], [4, 6, 8, 10, 16, 20, 22, 24, 26, 29], [1, 2, 5, 7, 9, 11, 12, 13, 14, 17, 18, 19, 21, 23, 25, 28]]
n:30 p:3 g:25 part:[[6, 24, 25, 30], [7, 9, 11, 13, 17, 19, 21, 23, 26, 29], [1, 2, 3, 4, 5, 8, 10, 12, 14, 15, 16, 18, 20, 22, 27, 28]]
n:30 p:3 g:5 part:[[3, 5, 27, 30], [4, 6, 9, 11, 13, 14, 16, 17, 19, 21, 26, 29], [1, 2, 7, 8, 10, 12, 15, 18, 20, 22, 23, 24, 25, 28]]
n:30 p:3 g:15 part:[[3, 15, 27, 30], [4, 6, 8, 10, 12, 16, 18, 20, 22, 24, 26, 29], [1, 2, 5, 7, 9, 11, 13, 14, 17, 19, 21, 23, 25, 28]]
n:30 p:3 g:25 part:[[6, 24, 25, 30], [7, 9, 11, 13, 14, 16, 17, 19, 21, 23, 26, 29], [1, 2, 3, 4, 5, 8, 10, 12, 15, 18, 20, 22, 27, 28]]
n:30 p:3 g:5 part:[[3, 5, 8, 22, 27, 30], [4, 6, 10, 20, 26, 29], [1, 2, 7, 9, 11, 12, 13, 14, 15, 16, 17, 18, 19, 21, 23, 24, 25, 28]]
n:30 p:3 g:15 part:[[3, 5, 15, 25, 27, 30], [4, 7, 16, 23, 26, 29], [1, 2, 6, 8, 9, 10, 11, 12, 13, 14, 17, 18, 19, 20, 21, 22, 24, 28]]
n:30 p:3 g:25 part:[[6, 8, 22, 24, 25, 30], [7, 10, 20, 23, 26, 29], [1, 2, 3, 4, 5, 9, 11, 12, 13, 14, 15, 16, 17, 18, 19, 21, 27, 28]]
n:30 p:3 g:5 part:[[3, 5, 8, 22, 27, 30], [4, 6, 10, 12, 18, 20, 26, 29], [1, 2, 7, 9, 11, 13, 14, 15, 16, 17, 19, 21, 23, 24, 25, 28]]
n:30 p:3 g:15 part:[[3, 5, 15, 25, 27, 30], [4, 7, 9, 16, 21, 23, 26, 29], [1, 2, 6, 8, 10, 11, 12, 13, 14, 17, 18, 19, 20, 22, 24, 28]]
n:30 p:3 g:25 part:[[6, 8, 22, 24, 25, 30], [7, 10, 12, 18, 20, 23, 26, 29], [1, 2, 3, 4, 5, 9, 11, 13, 14, 15, 16, 17, 19, 21, 27, 28]]
n:30 p:3 g:5 part:[[3, 5, 8, 22, 27, 30], [4, 6, 10, 12, 14, 16, 18, 20, 26, 29], [1, 2, 7, 9, 11, 13, 15, 17, 19, 21, 23, 24, 25, 28]]
n:30 p:3 g:15 part:[[3, 5, 15, 25, 27, 30], [4, 7, 9, 11, 16, 19, 21, 23, 26, 29], [1, 2, 6, 8, 10, 12, 13, 14, 17, 18, 20, 22, 24, 28]]
n:30 p:3 g:25 part:[[6, 8, 22, 24, 25, 30], [7, 10, 12, 14, 16, 18, 20, 23, 26, 29], [1, 2, 3, 4, 5, 9, 11, 13, 15, 17, 19, 21, 27, 28]]
n:30 p:3 g:5 part:[[3, 5, 8, 22, 27, 30], [4, 6, 10, 12, 13, 14, 16, 17, 18, 20, 26, 29], [1, 2, 7, 9, 11, 15, 19, 21, 23, 24, 25, 28]]
n:30 p:3 g:15 part:[[3, 5, 15, 25, 27, 30], [4, 7, 9, 11, 12, 16, 18, 19, 21, 23, 26, 29], [1, 2, 6, 8, 10, 13, 14, 17, 20, 22, 24, 28]]
n:30 p:3 g:25 part:[[6, 8, 22, 24, 25, 30], [7, 10, 12, 13, 14, 16, 17, 18, 20, 23, 26, 29], [1, 2, 3, 4, 5, 9, 11, 15, 19, 21, 27, 28]]
n:30 p:3 g:5 part:[[3, 5, 8, 10, 20, 22, 27, 30], [4, 6, 11, 13, 17, 19, 26, 29], [1, 2, 7, 9, 12, 14, 15, 16, 18, 21, 23, 24, 25, 28]]
n:30 p:3 g:15 part:[[3, 5, 7, 15, 23, 25, 27, 30], [4, 8, 10, 16, 20, 22, 26, 29], [1, 2, 6, 9, 11, 12, 13, 14, 17, 18, 19, 21, 24, 28]]
n:30 p:3 g:25 part:[[6, 8, 10, 20, 22, 24, 25, 30], [7, 11, 13, 17, 19, 23, 26, 29], [1, 2, 3, 4, 5, 9, 12, 14, 15, 16, 18, 21, 27, 28]]
n:30 p:3 g:5 part:[[3, 5, 8, 10, 20, 22, 27, 30], [4, 6, 11, 13, 14, 16, 17, 19, 26, 29], [1, 2, 7, 9, 12, 15, 18, 21, 23, 24, 25, 28]]
n:30 p:3 g:15 part:[[3, 5, 7, 15, 23, 25, 27, 30], [4, 8, 10, 12, 16, 18, 20, 22, 26, 29], [1, 2, 6, 9, 11, 13, 14, 17, 19, 21, 24, 28]]
n:30 p:3 g:25 part:[[6, 8, 10, 20, 22, 24, 25, 30], [7, 11, 13, 14, 16, 17, 19, 23, 26, 29], [1, 2, 3, 4, 5, 9, 12, 15, 18, 21, 27, 28]]
n:30 p:3 g:5 part:[[3, 5, 8, 10, 12, 18, 20, 22, 27, 30], [4, 6, 11, 13, 14, 16, 17, 19, 26, 29], [1, 2, 7, 9, 15, 21, 23, 24, 25, 28]]
n:30 p:3 g:15 part:[[3, 5, 7, 9, 15, 21, 23, 25, 27, 30], [4, 8, 11, 12, 16, 18, 19, 22, 26, 29], [1, 2, 6, 10, 13, 14, 17, 20, 24, 28]]
n:30 p:3 g:25 part:[[6, 8, 10, 12, 18, 20, 22, 24, 25, 30], [7, 11, 13, 14, 16, 17, 19, 23, 26, 29], [1, 2, 3, 4, 5, 9, 15, 21, 27, 28]]
n:30 p:1 g:15 part:[[1, 2, 3, 4, 5, 6, 7, 8, 9, 10, 11, 12, 13, 14, 15, 16, 17, 18, 19, 20, 21, 22, 23, 24, 25, 26, 27, 28, 29, 30]]
