Generating partitions.
---------------------------------------------------------------------------------------------------------
n:32 p:16 g:1 part:[[1, 32], [2, 31], [3, 30], [4, 29], [5, 28], [6, 27], [7, 26], [8, 25], [9, 24], [10, 23], [11, 22], [12, 21], [13, 20], [14, 19], [15, 18], [16, 17]]
n:32 p:16 g:3 part:[[3, 32], [4, 31], [5, 30], [6, 29], [7, 28], [8, 27], [9, 26], [10, 25], [11, 24], [12, 23], [13, 22], [14, 21], [15, 20], [16, 19], [17, 18], [1, 2]]
n:32 p:16 g:5 part:[[5, 32], [6, 31], [7, 30], [8, 29], [9, 28], [10, 27], [11, 26], [12, 25], [13, 24], [14, 23], [15, 22], [16, 21], [17, 20], [18, 19], [1, 4], [2, 3]]
n:32 p:16 g:7 part:[[7, 32], [8, 31], [9, 30], [10, 29], [11, 28], [12, 27], [13, 26], [14, 25], [15, 24], [16, 23], [17, 22], [18, 21], [19, 20], [1, 6], [2, 5], [3, 4]]
n:32 p:16 g:9 part:[[9, 32], [10, 31], [11, 30], [12, 29], [13, 28], [14, 27], [15, 26], [16, 25], [17, 24], [18, 23], [19, 22], [20, 21], [1, 8], [2, 7], [3, 6], [4, 5]]
n:32 p:16 g:11 part:[[11, 32], [12, 31], [13, 30], [14, 29], [15, 28], [16, 27], [17, 26], [18, 25], [19, 24], [20, 23], [21, 22], [1, 10], [2, 9], [3, 8], [4, 7], [5, 6]]
n:32 p:16 g:13 part:[[13, 32], [14, 31], [15, 30], [16, 29], [17, 28], [18, 27], [19, 26], [20, 25], [21, 24], [22, 23], [1, 12], [2, 11], [3, 10], [4, 9], [5, 8], [6, 7]]
n:32 p:16 g:15 part:[[15, 32], [16, 31], [17, 30], [18, 29], [19, 28], [20, 27], [21, 26], [22, 25], [23, 24], [1, 14], [2, 13], [3, 12], [4, 11], [5, 10], [6, 9], [7, 8]]
n:32 p:16 g:17 part:[[17, 32], [18, 31], [19, 30], [20, 29], [21, 28], [22, 27], [23, 26], [24, 25], [1, 16], [2, 15], [3, 14], [4, 13], [5, 12], [6, 11], [7, 10], [8, 9]]
n:32 p:16 g:19 part:[[19, 32], [20, 31], [21, 30], [22, 29], [23, 28], [24, 27], [25, 26], [1, 18], [2, 17], [3, 16], [4, 15], [5, 14], [6, 13], [7, 12], [8, 11], [9, 10]]
n:32 p:16 g:21 part:[[21, 32], [22, 31], [23, 30], [24, 29], [25, 28], [26, 27], [1, 20], [2, 19], [3, 18], [4, 17], [5, 16], [6, 15], [7, 14], [8, 13], [9, 12], [10, 11]]
n:32 p:16 g:23 part:[[23, 32], [24, 31], [25, 30], [26, 29], [27, 28], [1, 22], [2, 21], [3, 20], [4, 19], [5, 18], [6, 17], [7, 16], [8, 15], [9, 14], [10, 13], [11, 12]]
n:32 p:16 g:25 part:[[25, 32], [26, 31], [27, 30], [28, 29], [1, 24], [2, 23], [3, 22], [4, 21], [5, 20], [6, 19], [7, 18], [8, 17], [9, 16], [10, 15], [11, 14], [12, 13]]
n:32 p:16 g:27 part:[[27, 32], [28, 31], [29, 30], [1, 26], [2, 25], [3, 24], [4, 23], [5, 22], [6, 21], [7, 20], [8, 19], [9, 18], [10, 17], [11, 16], [12, 15], [13, 14]]
n:32 p:16 g:29 part:[[29, 32], [30, 31], [1, 28], [2, 27], [3, 26], [4, 25], [5, 24], [6, 23], [7, 22], [8, 21], [9, 20], [10, 19], [11, 18], [12, 17], [13, 16], [14, 15]]
n:32 p:16 g:31 part:[[31, 32], [1, 30], [2, 29], [3, 28], [4, 27], [5, 26], [6, 25], [7, 24], [8, 23], [9, 22], [10, 21], [11, 20], [12, 19], [13, 18], [14, 17], [15, 16]]
n:32 p:15 g:16 part:[[16, 32], [17, 31], [18, 30], [19, 29], [20, 28], [21, 27], [22, 26], [23, 25], [1, 15], [2, 14], [3, 13], [4, 12], [5, 11], [6, 10], [7, 8, 9, 24]]
n:32 p:14 g:8 part:[[8, 32], [9, 31], [10, 30], [11, 29], [12, 28], [13, 27], [14, 26], [15, 25], [16, 24], [17, 23], [18, 22], [19, 21], [1, 7], [2, 3, 4, 5, 6, 20]]
n:32 p:14 g:24 part:[[24, 32], [25, 31], [26, 30], [27, 29], [1, 23], [2, 22], [3, 21], [4, 20], [5, 19], [6, 18], [7, 17], [8, 16], [9, 15], [10, 11, 12, 13, 14, 28]]
n:32 p:14 g:8 part:[[8, 32], [9, 31], [10, 30], [11, 29], [12, 28], [13, 27], [14, 26], [15, 25], [16, 24], [17, 23], [18, 22], [19, 21], [1, 7], [2, 3, 4, 5, 6, 20]]
n:32 p:14 g:24 part:[[24, 32], [25, 31], [26, 30], [27, 29], [1, 23], [2, 22], [3, 21], [4, 20], [5, 19], [6, 18], [7, 17], [8, 16], [9, 15], [10, 11, 12, 13, 14, 28]]
n:32 p:13 g:16 part:[[16, 32], [17, 31], [18, 30], [19, 29], [20, 28], [21, 27], [22, 26], [23, 25], [1, 15], [2, 14], [3, 13], [4, 12], [5, 6, 7, 8, 9, 10, 11, 24]]
n:32 p:13 g:16 part:[[16, 32], [17, 31], [18, 30], [19, 29], [20, 28], [21, 27], [22, 26], [23, 25], [1, 15], [2, 14], [3, 13], [4, 8, 12, 24], [5, 6, 7, 9, 10, 11]]
n:32 p:13 g:16 part:[[16, 32], [17, 31], [18, 30], [19, 29], [20, 28], [21, 27], [22, 26], [23, 25], [1, 15], [2, 14], [4, 12], [3, 8, 13, 24], [5, 6, 7, 9, 10, 11]]
n:32 p:12 g:4 part:[[4, 32], [5, 31], [6, 30], [7, 29], [8, 28], [9, 27], [10, 26], [11, 25], [12, 24], [13, 23], [14, 22], [1, 2, 3, 15, 16, 17, 18, 19, 20, 21]]
n:32 p:12 g:12 part:[[12, 32], [13, 31], [14, 30], [15, 29], [16, 28], [17, 27], [18, 26], [19, 25], [20, 24], [21, 23], [1, 11], [2, 3, 4, 5, 6, 7, 8, 9, 10, 22]]
n:32 p:12 g:20 part:[[20, 32], [21, 31], [22, 30], [23, 29], [24, 28], [25, 27], [1, 19], [2, 18], [3, 17], [4, 16], [5, 15], [6, 7, 8, 9, 10, 11, 12, 13, 14, 26]]
n:32 p:12 g:28 part:[[28, 32], [29, 31], [1, 27], [2, 26], [3, 25], [4, 24], [5, 23], [6, 22], [7, 21], [8, 20], [9, 19], [10, 11, 12, 13, 14, 15, 16, 17, 18, 30]]
n:32 p:12 g:4 part:[[4, 32], [5, 31], [6, 30], [7, 29], [8, 28], [9, 27], [10, 26], [11, 25], [12, 24], [13, 23], [14, 22], [1, 2, 3, 15, 16, 17, 18, 19, 20, 21]]
n:32 p:12 g:12 part:[[12, 32], [13, 31], [14, 30], [15, 29], [16, 28], [17, 27], [18, 26], [19, 25], [20, 24], [21, 23], [1, 11], [2, 3, 4, 5, 6, 7, 8, 9, 10, 22]]
n:32 p:12 g:20 part:[[20, 32], [21, 31], [22, 30], [23, 29], [24, 28], [25, 27], [1, 19], [2, 18], [3, 17], [4, 16], [5, 15], [6, 7, 8, 9, 10, 11, 12, 13, 14, 26]]
n:32 p:12 g:28 part:[[28, 32], [29, 31], [1, 27], [2, 26], [3, 25], [4, 24], [5, 23], [6, 22], [7, 21], [8, 20], [9, 15, 17, 19], [10, 11, 12, 13, 14, 16, 18, 30]]
n:32 p:12 g:4 part:[[4, 32], [5, 31], [6, 30], [7, 29], [8, 28], [9, 27], [10, 26], [11, 25], [12, 24], [13, 23], [14, 22], [1, 2, 3, 15, 16, 17, 18, 19, 20, 21]]
n:32 p:12 g:12 part:[[12, 32], [13, 31], [14, 30], [15, 29], [16, 28], [17, 27], [18, 26], [19, 25], [20, 24], [21, 23], [1, 11], [2, 3, 4, 5, 6, 7, 8, 9, 10, 22]]
n:32 p:12 g:20 part:[[20, 32], [21, 31], [22, 30], [23, 29], [24, 28], [25, 27], [1, 19], [2, 18], [3, 17], [4, 16], [5, 15], [6, 7, 8, 9, 10, 11, 12, 13, 14, 26]]
n:32 p:12 g:28 part:[[28, 32], [29, 31], [1, 27], [2, 26], [3, 25], [4, 24], [5, 23], [6, 22], [7, 21], [8, 20], [9, 15, 17, 19], [10, 11, 12, 13, 14, 16, 18, 30]]
n:32 p:12 g:4 part:[[4, 32], [5, 31], [6, 30], [7, 29], [8, 28], [9, 27], [10, 26], [11, 25], [12, 24], [13, 23], [14, 22], [1, 2, 3, 15, 16, 17, 18, 19, 20, 21]]
n:32 p:12 g:12 part:[[12, 32], [13, 31], [14, 30], [15, 29], [16, 28], [17, 27], [18, 26], [19, 25], [20, 24], [21, 23], [1, 11], [2, 3, 4, 5, 6, 7, 8, 9, 10, 22]]
n:32 p:12 g:20 part:[[20, 32], [21, 31], [22, 30], [23, 29], [24, 28], [25, 27], [1, 19], [2, 18], [3, 17], [4, 16], [5, 15], [6, 7, 8, 9, 10, 11, 12, 13, 14, 26]]
n:32 p:12 g:28 part:[[28, 32], [29, 31], [1, 27], [2, 26], [3, 25], [4, 24], [5, 23], [6, 22], [7, 21], [9, 19], [8, 15, 17, 20], [10, 11, 12, 13, 14, 16, 18, 30]]
n:32 p:12 g:4 part:[[4, 32], [5, 31], [6, 30], [7, 29], [8, 28], [9, 27], [10, 26], [11, 25], [12, 24], [13, 23], [14, 22], [1, 2, 3, 15, 16, 17, 18, 19, 20, 21]]
n:32 p:12 g:12 part:[[12, 32], [13, 31], [14, 30], [15, 29], [16, 28], [17, 27], [18, 26], [19, 25], [20, 24], [21, 23], [1, 11], [2, 3, 4, 5, 6, 7, 8, 9, 10, 22]]
n:32 p:12 g:20 part:[[20, 32], [21, 31], [22, 30], [23, 29], [24, 28], [25, 27], [1, 19], [2, 18], [3, 17], [4, 16], [5, 15], [6, 7, 8, 9, 10, 11, 12, 13, 14, 26]]
n:32 p:12 g:28 part:[[28, 32], [29, 31], [1, 27], [2, 26], [3, 25], [4, 24], [5, 23], [6, 22], [8, 20], [9, 19], [7, 15, 17, 21], [10, 11, 12, 13, 14, 16, 18, 30]]
n:32 p:11 g:16 part:[[16, 32], [17, 31], [18, 30], [19, 29], [20, 28], [21, 27], [22, 26], [23, 25], [1, 15], [2, 14], [3, 4, 5, 6, 7, 8, 9, 10, 11, 12, 13, 24]]
n:32 p:11 g:16 part:[[16, 32], [17, 31], [18, 30], [19, 29], [20, 28], [21, 27], [22, 26], [23, 25], [1, 15], [2, 8, 14, 24], [3, 4, 5, 6, 7, 9, 10, 11, 12, 13]]
n:32 p:11 g:16 part:[[16, 32], [17, 31], [18, 30], [19, 29], [20, 28], [21, 27], [22, 26], [23, 25], [1, 15], [2, 8, 14, 24], [3, 4, 5, 6, 7, 9, 10, 11, 12, 13]]
n:32 p:11 g:16 part:[[16, 32], [17, 31], [18, 30], [19, 29], [20, 28], [21, 27], [22, 26], [23, 25], [2, 14], [1, 8, 15, 24], [3, 4, 5, 6, 7, 9, 10, 11, 12, 13]]
n:32 p:11 g:16 part:[[16, 32], [17, 31], [18, 30], [19, 29], [20, 28], [21, 27], [22, 26], [23, 25], [2, 14], [1, 8, 15, 24], [3, 4, 5, 6, 7, 9, 10, 11, 12, 13]]
n:32 p:11 g:16 part:[[16, 32], [17, 31], [18, 30], [19, 29], [20, 28], [21, 27], [22, 26], [1, 15], [2, 14], [8, 23, 24, 25], [3, 4, 5, 6, 7, 9, 10, 11, 12, 13]]
n:32 p:11 g:16 part:[[16, 32], [17, 31], [18, 30], [19, 29], [20, 28], [21, 27], [23, 25], [1, 15], [2, 14], [8, 22, 24, 26], [3, 4, 5, 6, 7, 9, 10, 11, 12, 13]]
n:32 p:10 g:8 part:[[8, 32], [9, 31], [10, 30], [11, 29], [12, 28], [13, 27], [14, 26], [15, 25], [16, 24], [1, 2, 3, 4, 5, 6, 7, 17, 18, 19, 20, 21, 22, 23]]
n:32 p:10 g:24 part:[[24, 32], [25, 31], [26, 30], [27, 29], [1, 23], [2, 22], [3, 21], [4, 20], [5, 19], [6, 7, 8, 9, 10, 11, 12, 13, 14, 15, 16, 17, 18, 28]]
n:32 p:10 g:8 part:[[8, 32], [9, 31], [10, 30], [11, 29], [12, 28], [13, 27], [14, 26], [15, 25], [16, 24], [1, 2, 3, 4, 5, 6, 7, 17, 18, 19, 20, 21, 22, 23]]
n:32 p:10 g:24 part:[[24, 32], [25, 31], [26, 30], [27, 29], [1, 23], [2, 22], [3, 21], [4, 20], [5, 15, 17, 19], [6, 7, 8, 9, 10, 11, 12, 13, 14, 16, 18, 28]]
n:32 p:10 g:8 part:[[8, 32], [9, 31], [10, 30], [11, 29], [12, 28], [13, 27], [14, 26], [15, 25], [16, 24], [1, 2, 3, 4, 5, 6, 7, 17, 18, 19, 20, 21, 22, 23]]
n:32 p:10 g:24 part:[[24, 32], [25, 31], [26, 30], [27, 29], [1, 23], [2, 22], [3, 21], [4, 20], [5, 15, 17, 19], [6, 7, 8, 9, 10, 11, 12, 13, 14, 16, 18, 28]]
n:32 p:10 g:8 part:[[8, 32], [9, 31], [10, 30], [11, 29], [12, 28], [13, 27], [14, 26], [15, 25], [16, 24], [1, 2, 3, 4, 5, 6, 7, 17, 18, 19, 20, 21, 22, 23]]
n:32 p:10 g:24 part:[[24, 32], [25, 31], [26, 30], [27, 29], [1, 23], [2, 22], [3, 21], [4, 20], [5, 15, 17, 19], [6, 7, 8, 9, 10, 11, 12, 13, 14, 16, 18, 28]]
n:32 p:10 g:8 part:[[8, 32], [9, 31], [10, 30], [11, 29], [12, 28], [13, 27], [14, 26], [15, 25], [16, 24], [1, 2, 3, 4, 5, 6, 7, 17, 18, 19, 20, 21, 22, 23]]
n:32 p:10 g:24 part:[[24, 32], [25, 31], [26, 30], [27, 29], [1, 23], [2, 22], [3, 21], [5, 19], [4, 15, 17, 20], [6, 7, 8, 9, 10, 11, 12, 13, 14, 16, 18, 28]]
n:32 p:10 g:8 part:[[8, 32], [9, 31], [10, 30], [11, 29], [12, 28], [13, 27], [14, 26], [15, 25], [16, 24], [1, 2, 3, 4, 5, 6, 7, 17, 18, 19, 20, 21, 22, 23]]
n:32 p:10 g:24 part:[[24, 32], [25, 31], [26, 30], [27, 29], [1, 23], [2, 22], [3, 21], [5, 19], [4, 15, 17, 20], [6, 7, 8, 9, 10, 11, 12, 13, 14, 16, 18, 28]]
n:32 p:10 g:8 part:[[8, 32], [9, 31], [10, 30], [11, 29], [12, 28], [13, 27], [14, 26], [15, 25], [16, 24], [1, 2, 3, 4, 5, 6, 7, 17, 18, 19, 20, 21, 22, 23]]
n:32 p:10 g:24 part:[[24, 32], [25, 31], [26, 30], [27, 29], [1, 23], [2, 22], [3, 21], [5, 19], [4, 15, 17, 20], [6, 7, 8, 9, 10, 11, 12, 13, 14, 16, 18, 28]]
n:32 p:10 g:8 part:[[8, 32], [9, 31], [10, 30], [11, 29], [12, 28], [13, 27], [14, 26], [15, 25], [16, 24], [1, 2, 3, 4, 5, 6, 7, 17, 18, 19, 20, 21, 22, 23]]
n:32 p:10 g:24 part:[[24, 32], [25, 31], [26, 30], [27, 29], [1, 23], [2, 22], [4, 20], [5, 19], [3, 15, 17, 21], [6, 7, 8, 9, 10, 11, 12, 13, 14, 16, 18, 28]]
n:32 p:10 g:8 part:[[8, 32], [9, 31], [10, 30], [11, 29], [12, 28], [13, 27], [14, 26], [15, 25], [16, 24], [1, 2, 3, 4, 5, 6, 7, 17, 18, 19, 20, 21, 22, 23]]
n:32 p:10 g:24 part:[[24, 32], [25, 31], [26, 30], [27, 29], [1, 23], [2, 22], [4, 20], [5, 19], [3, 15, 17, 21], [6, 7, 8, 9, 10, 11, 12, 13, 14, 16, 18, 28]]
n:32 p:10 g:8 part:[[8, 32], [9, 31], [10, 30], [11, 29], [12, 28], [13, 27], [14, 26], [15, 25], [16, 24], [1, 2, 3, 4, 5, 6, 7, 17, 18, 19, 20, 21, 22, 23]]
n:32 p:10 g:24 part:[[24, 32], [25, 31], [26, 30], [27, 29], [1, 23], [3, 21], [4, 20], [5, 19], [2, 15, 17, 22], [6, 7, 8, 9, 10, 11, 12, 13, 14, 16, 18, 28]]
n:32 p:10 g:8 part:[[8, 32], [9, 31], [10, 30], [11, 29], [12, 28], [13, 27], [14, 26], [15, 25], [16, 24], [1, 2, 3, 4, 5, 6, 7, 17, 18, 19, 20, 21, 22, 23]]
n:32 p:10 g:24 part:[[24, 32], [25, 31], [26, 30], [27, 29], [2, 22], [3, 21], [4, 20], [5, 19], [1, 15, 17, 23], [6, 7, 8, 9, 10, 11, 12, 13, 14, 16, 18, 28]]
n:32 p:9 g:16 part:[[16, 32], [17, 31], [18, 30], [19, 29], [20, 28], [21, 27], [22, 26], [23, 25], [1, 2, 3, 4, 5, 6, 7, 8, 9, 10, 11, 12, 13, 14, 15, 24]]
n:32 p:9 g:16 part:[[16, 32], [17, 31], [18, 30], [19, 29], [20, 28], [21, 27], [22, 26], [8, 23, 24, 25], [1, 2, 3, 4, 5, 6, 7, 9, 10, 11, 12, 13, 14, 15]]
n:32 p:9 g:16 part:[[16, 32], [17, 31], [18, 30], [19, 29], [20, 28], [21, 27], [22, 26], [8, 23, 24, 25], [1, 2, 3, 4, 5, 6, 7, 9, 10, 11, 12, 13, 14, 15]]
n:32 p:9 g:16 part:[[16, 32], [17, 31], [18, 30], [19, 29], [20, 28], [21, 27], [22, 26], [8, 23, 24, 25], [1, 2, 3, 4, 5, 6, 7, 9, 10, 11, 12, 13, 14, 15]]
n:32 p:9 g:16 part:[[16, 32], [17, 31], [18, 30], [19, 29], [20, 28], [21, 27], [23, 25], [8, 22, 24, 26], [1, 2, 3, 4, 5, 6, 7, 9, 10, 11, 12, 13, 14, 15]]
n:32 p:9 g:16 part:[[16, 32], [17, 31], [18, 30], [19, 29], [20, 28], [21, 27], [23, 25], [8, 22, 24, 26], [1, 2, 3, 4, 5, 6, 7, 9, 10, 11, 12, 13, 14, 15]]
n:32 p:9 g:16 part:[[16, 32], [17, 31], [18, 30], [19, 29], [20, 28], [21, 27], [23, 25], [8, 22, 24, 26], [1, 2, 3, 4, 5, 6, 7, 9, 10, 11, 12, 13, 14, 15]]
n:32 p:9 g:16 part:[[16, 32], [17, 31], [18, 30], [19, 29], [20, 28], [21, 27], [23, 25], [8, 22, 24, 26], [1, 2, 3, 4, 5, 6, 7, 9, 10, 11, 12, 13, 14, 15]]
n:32 p:9 g:16 part:[[16, 32], [17, 31], [18, 30], [19, 29], [20, 28], [22, 26], [23, 25], [8, 21, 24, 27], [1, 2, 3, 4, 5, 6, 7, 9, 10, 11, 12, 13, 14, 15]]
n:32 p:9 g:16 part:[[16, 32], [17, 31], [18, 30], [19, 29], [20, 28], [22, 26], [23, 25], [8, 21, 24, 27], [1, 2, 3, 4, 5, 6, 7, 9, 10, 11, 12, 13, 14, 15]]
n:32 p:9 g:16 part:[[16, 32], [17, 31], [18, 30], [19, 29], [20, 28], [22, 26], [23, 25], [8, 21, 24, 27], [1, 2, 3, 4, 5, 6, 7, 9, 10, 11, 12, 13, 14, 15]]
n:32 p:9 g:16 part:[[16, 32], [17, 31], [18, 30], [19, 29], [21, 27], [22, 26], [23, 25], [8, 20, 24, 28], [1, 2, 3, 4, 5, 6, 7, 9, 10, 11, 12, 13, 14, 15]]
n:32 p:9 g:16 part:[[16, 32], [17, 31], [18, 30], [19, 29], [21, 27], [22, 26], [23, 25], [8, 20, 24, 28], [1, 2, 3, 4, 5, 6, 7, 9, 10, 11, 12, 13, 14, 15]]
n:32 p:9 g:16 part:[[16, 32], [17, 31], [18, 30], [20, 28], [21, 27], [22, 26], [23, 25], [8, 19, 24, 29], [1, 2, 3, 4, 5, 6, 7, 9, 10, 11, 12, 13, 14, 15]]
n:32 p:9 g:16 part:[[16, 32], [17, 31], [19, 29], [20, 28], [21, 27], [22, 26], [23, 25], [8, 18, 24, 30], [1, 2, 3, 4, 5, 6, 7, 9, 10, 11, 12, 13, 14, 15]]
n:32 p:8 g:2 part:[[2, 32], [3, 31], [4, 30], [5, 29], [6, 28], [7, 27], [8, 26], [1, 9, 10, 11, 12, 13, 14, 15, 16, 17, 18, 19, 20, 21, 22, 23, 24, 25]]
n:32 p:8 g:6 part:[[6, 32], [7, 31], [8, 30], [9, 29], [10, 28], [11, 27], [12, 26], [1, 2, 3, 4, 5, 13, 14, 15, 16, 17, 18, 19, 20, 21, 22, 23, 24, 25]]
n:32 p:8 g:10 part:[[10, 32], [11, 31], [12, 30], [13, 29], [14, 28], [15, 27], [16, 26], [1, 2, 3, 4, 5, 6, 7, 8, 9, 17, 18, 19, 20, 21, 22, 23, 24, 25]]
n:32 p:8 g:14 part:[[14, 32], [15, 31], [16, 30], [17, 29], [18, 28], [19, 27], [20, 26], [1, 2, 3, 4, 5, 6, 7, 8, 9, 10, 11, 12, 13, 21, 22, 23, 24, 25]]
n:32 p:8 g:18 part:[[18, 32], [19, 31], [20, 30], [21, 29], [22, 28], [23, 27], [24, 26], [1, 2, 3, 4, 5, 6, 7, 8, 9, 10, 11, 12, 13, 14, 15, 16, 17, 25]]
n:32 p:8 g:22 part:[[22, 32], [23, 31], [24, 30], [25, 29], [26, 28], [1, 21], [2, 20], [3, 4, 5, 6, 7, 8, 9, 10, 11, 12, 13, 14, 15, 16, 17, 18, 19, 27]]
n:32 p:8 g:26 part:[[26, 32], [27, 31], [28, 30], [1, 25], [2, 24], [3, 23], [4, 22], [5, 6, 7, 8, 9, 10, 11, 12, 13, 14, 15, 16, 17, 18, 19, 20, 21, 29]]
n:32 p:8 g:30 part:[[30, 32], [1, 29], [2, 28], [3, 27], [4, 26], [5, 25], [6, 24], [7, 8, 9, 10, 11, 12, 13, 14, 15, 16, 17, 18, 19, 20, 21, 22, 23, 31]]
n:32 p:8 g:2 part:[[2, 32], [3, 31], [4, 30], [5, 29], [6, 28], [7, 27], [8, 10, 22, 26], [1, 9, 11, 12, 13, 14, 15, 16, 17, 18, 19, 20, 21, 23, 24, 25]]
n:32 p:8 g:6 part:[[6, 32], [7, 31], [8, 30], [9, 29], [10, 28], [11, 27], [12, 14, 18, 26], [1, 2, 3, 4, 5, 13, 15, 16, 17, 19, 20, 21, 22, 23, 24, 25]]
n:32 p:8 g:10 part:[[10, 32], [11, 31], [12, 30], [13, 29], [14, 28], [15, 27], [8, 16, 24, 26], [1, 2, 3, 4, 5, 6, 7, 9, 17, 18, 19, 20, 21, 22, 23, 25]]
n:32 p:8 g:14 part:[[14, 32], [15, 31], [16, 30], [17, 29], [18, 28], [19, 27], [8, 20, 24, 26], [1, 2, 3, 4, 5, 6, 7, 9, 10, 11, 12, 13, 21, 22, 23, 25]]
n:32 p:8 g:18 part:[[18, 32], [19, 31], [20, 30], [21, 29], [22, 28], [23, 27], [7, 24, 25, 26], [1, 2, 3, 4, 5, 6, 8, 9, 10, 11, 12, 13, 14, 15, 16, 17]]
n:32 p:8 g:22 part:[[22, 32], [23, 31], [24, 30], [25, 29], [26, 28], [1, 21], [2, 5, 20, 27], [3, 4, 6, 7, 8, 9, 10, 11, 12, 13, 14, 15, 16, 17, 18, 19]]
n:32 p:8 g:26 part:[[26, 32], [27, 31], [28, 30], [1, 25], [2, 24], [3, 23], [4, 12, 20, 22], [5, 6, 7, 8, 9, 10, 11, 13, 14, 15, 16, 17, 18, 19, 21, 29]]
n:32 p:8 g:30 part:[[30, 32], [1, 29], [2, 28], [3, 27], [4, 26], [5, 25], [6, 10, 22, 24], [7, 8, 9, 11, 12, 13, 14, 15, 16, 17, 18, 19, 20, 21, 23, 31]]
n:32 p:8 g:2 part:[[2, 32], [3, 31], [4, 30], [5, 29], [6, 28], [7, 27], [8, 10, 12, 20, 22, 26], [1, 9, 11, 13, 14, 15, 16, 17, 18, 19, 21, 23, 24, 25]]
n:32 p:8 g:6 part:[[6, 32], [7, 31], [8, 30], [9, 29], [10, 28], [11, 27], [12, 14, 15, 17, 18, 26], [1, 2, 3, 4, 5, 13, 16, 19, 20, 21, 22, 23, 24, 25]]
n:32 p:8 g:10 part:[[10, 32], [11, 31], [12, 30], [13, 29], [14, 28], [15, 27], [8, 9, 16, 23, 24, 26], [1, 2, 3, 4, 5, 6, 7, 17, 18, 19, 20, 21, 22, 25]]
n:32 p:8 g:14 part:[[14, 32], [15, 31], [16, 30], [17, 29], [18, 28], [19, 27], [8, 10, 20, 22, 24, 26], [1, 2, 3, 4, 5, 6, 7, 9, 11, 12, 13, 21, 23, 25]]
n:32 p:8 g:18 part:[[18, 32], [19, 31], [20, 30], [21, 29], [22, 28], [23, 27], [7, 24, 25, 26], [1, 2, 3, 4, 5, 6, 8, 9, 10, 11, 12, 13, 14, 15, 16, 17]]
n:32 p:8 g:22 part:[[22, 32], [23, 31], [24, 30], [25, 29], [26, 28], [1, 21], [2, 5, 14, 18, 20, 27], [3, 4, 6, 7, 8, 9, 10, 11, 12, 13, 15, 16, 17, 19]]
n:32 p:8 g:26 part:[[26, 32], [27, 31], [28, 30], [1, 25], [2, 24], [3, 23], [4, 12, 14, 18, 20, 22], [5, 6, 7, 8, 9, 10, 11, 13, 15, 16, 17, 19, 21, 29]]
n:32 p:8 g:30 part:[[30, 32], [1, 29], [2, 28], [3, 27], [4, 26], [5, 25], [6, 10, 12, 20, 22, 24], [7, 8, 9, 11, 13, 14, 15, 16, 17, 18, 19, 21, 23, 31]]
n:32 p:8 g:2 part:[[2, 32], [3, 31], [4, 30], [5, 29], [6, 28], [7, 27], [8, 10, 12, 14, 18, 20, 22, 26], [1, 9, 11, 13, 15, 16, 17, 19, 21, 23, 24, 25]]
n:32 p:8 g:6 part:[[6, 32], [7, 31], [8, 30], [9, 29], [10, 28], [11, 27], [12, 14, 15, 17, 18, 26], [1, 2, 3, 4, 5, 13, 16, 19, 20, 21, 22, 23, 24, 25]]
n:32 p:8 g:10 part:[[10, 32], [11, 31], [12, 30], [13, 29], [14, 28], [15, 27], [8, 9, 16, 23, 24, 26], [1, 2, 3, 4, 5, 6, 7, 17, 18, 19, 20, 21, 22, 25]]
n:32 p:8 g:14 part:[[14, 32], [15, 31], [16, 30], [17, 29], [18, 28], [19, 27], [8, 9, 10, 20, 22, 23, 24, 26], [1, 2, 3, 4, 5, 6, 7, 11, 12, 13, 21, 25]]
n:32 p:8 g:18 part:[[18, 32], [19, 31], [20, 30], [21, 29], [22, 28], [23, 27], [7, 24, 25, 26], [1, 2, 3, 4, 5, 6, 8, 9, 10, 11, 12, 13, 14, 15, 16, 17]]
n:32 p:8 g:22 part:[[22, 32], [23, 31], [24, 30], [25, 29], [26, 28], [1, 21], [2, 5, 14, 15, 17, 18, 20, 27], [3, 4, 6, 7, 8, 9, 10, 11, 12, 13, 16, 19]]
n:32 p:8 g:26 part:[[26, 32], [27, 31], [28, 30], [1, 25], [2, 24], [3, 23], [4, 12, 14, 15, 17, 18, 20, 22], [5, 6, 7, 8, 9, 10, 11, 13, 16, 19, 21, 29]]
n:32 p:8 g:30 part:[[30, 32], [1, 29], [2, 28], [3, 27], [4, 26], [5, 25], [6, 10, 12, 14, 18, 20, 22, 24], [7, 8, 9, 11, 13, 15, 16, 17, 19, 21, 23, 31]]
n:32 p:8 g:2 part:[[2, 32], [3, 31], [4, 30], [5, 29], [6, 28], [7, 27], [8, 10, 12, 14, 15, 17, 18, 20, 22, 26], [1, 9, 11, 13, 16, 19, 21, 23, 24, 25]]
n:32 p:8 g:6 part:[[6, 32], [7, 31], [8, 30], [9, 29], [10, 28], [11, 27], [12, 14, 15, 17, 18, 26], [1, 2, 3, 4, 5, 13, 16, 19, 20, 21, 22, 23, 24, 25]]
n:32 p:8 g:10 part:[[10, 32], [11, 31], [12, 30], [13, 29], [14, 28], [15, 27], [8, 9, 16, 23, 24, 26], [1, 2, 3, 4, 5, 6, 7, 17, 18, 19, 20, 21, 22, 25]]
n:32 p:8 g:14 part:[[14, 32], [15, 31], [16, 30], [17, 29], [18, 28], [19, 27], [8, 9, 10, 20, 22, 23, 24, 26], [1, 2, 3, 4, 5, 6, 7, 11, 12, 13, 21, 25]]
n:32 p:8 g:18 part:[[18, 32], [19, 31], [20, 30], [21, 29], [22, 28], [23, 27], [7, 24, 25, 26], [1, 2, 3, 4, 5, 6, 8, 9, 10, 11, 12, 13, 14, 15, 16, 17]]
n:32 p:8 g:22 part:[[22, 32], [23, 31], [24, 30], [25, 29], [26, 28], [1, 21], [2, 5, 14, 15, 17, 18, 20, 27], [3, 4, 6, 7, 8, 9, 10, 11, 12, 13, 16, 19]]
n:32 p:8 g:26 part:[[26, 32], [27, 31], [28, 30], [1, 25], [2, 24], [3, 23], [4, 12, 14, 15, 17, 18, 20, 22], [5, 6, 7, 8, 9, 10, 11, 13, 16, 19, 21, 29]]
n:32 p:8 g:30 part:[[30, 32], [1, 29], [2, 28], [3, 27], [4, 26], [5, 25], [6, 10, 12, 14, 15, 17, 18, 20, 22, 24], [7, 8, 9, 11, 13, 16, 19, 21, 23, 31]]
n:32 p:8 g:2 part:[[2, 32], [3, 31], [4, 30], [5, 29], [6, 28], [7, 10, 22, 27], [8, 11, 21, 26], [1, 9, 12, 13, 14, 15, 16, 17, 18, 19, 20, 23, 24, 25]]
n:32 p:8 g:6 part:[[6, 32], [7, 31], [8, 30], [9, 29], [10, 28], [11, 14, 18, 27], [12, 15, 17, 26], [1, 2, 3, 4, 5, 13, 16, 19, 20, 21, 22, 23, 24, 25]]
n:32 p:8 g:10 part:[[10, 32], [11, 31], [12, 30], [13, 29], [14, 28], [8, 15, 24, 27], [9, 16, 23, 26], [1, 2, 3, 4, 5, 6, 7, 17, 18, 19, 20, 21, 22, 25]]
n:32 p:8 g:14 part:[[14, 32], [15, 31], [16, 30], [17, 29], [18, 28], [8, 19, 24, 27], [9, 20, 23, 26], [1, 2, 3, 4, 5, 6, 7, 10, 11, 12, 13, 21, 22, 25]]
n:32 p:8 g:18 part:[[18, 32], [19, 31], [20, 30], [21, 29], [22, 28], [24, 26], [7, 23, 25, 27], [1, 2, 3, 4, 5, 6, 8, 9, 10, 11, 12, 13, 14, 15, 16, 17]]
n:32 p:8 g:22 part:[[22, 32], [23, 31], [24, 30], [25, 29], [26, 28], [1, 5, 21, 27], [2, 14, 18, 20], [3, 4, 6, 7, 8, 9, 10, 11, 12, 13, 15, 16, 17, 19]]
n:32 p:8 g:26 part:[[26, 32], [27, 31], [28, 30], [1, 25], [2, 24], [3, 12, 20, 23], [4, 13, 19, 22], [5, 6, 7, 8, 9, 10, 11, 14, 15, 16, 17, 18, 21, 29]]
n:32 p:8 g:30 part:[[30, 32], [1, 29], [2, 28], [3, 27], [4, 26], [5, 10, 22, 25], [6, 11, 21, 24], [7, 8, 9, 12, 13, 14, 15, 16, 17, 18, 19, 20, 23, 31]]
n:32 p:8 g:2 part:[[2, 32], [3, 31], [4, 30], [5, 29], [6, 28], [7, 10, 22, 27], [8, 11, 13, 19, 21, 26], [1, 9, 12, 14, 15, 16, 17, 18, 20, 23, 24, 25]]
n:32 p:8 g:6 part:[[6, 32], [7, 31], [8, 30], [9, 29], [10, 28], [11, 14, 18, 27], [12, 15, 17, 26], [1, 2, 3, 4, 5, 13, 16, 19, 20, 21, 22, 23, 24, 25]]
n:32 p:8 g:10 part:[[10, 32], [11, 31], [12, 30], [13, 29], [14, 28], [8, 15, 24, 27], [9, 16, 23, 26], [1, 2, 3, 4, 5, 6, 7, 17, 18, 19, 20, 21, 22, 25]]
n:32 p:8 g:14 part:[[14, 32], [15, 31], [16, 30], [17, 29], [18, 28], [8, 19, 24, 27], [9, 10, 20, 22, 23, 26], [1, 2, 3, 4, 5, 6, 7, 11, 12, 13, 21, 25]]
n:32 p:8 g:18 part:[[18, 32], [19, 31], [20, 30], [21, 29], [22, 28], [24, 26], [7, 23, 25, 27], [1, 2, 3, 4, 5, 6, 8, 9, 10, 11, 12, 13, 14, 15, 16, 17]]
n:32 p:8 g:22 part:[[22, 32], [23, 31], [24, 30], [25, 29], [26, 28], [1, 5, 21, 27], [2, 14, 15, 17, 18, 20], [3, 4, 6, 7, 8, 9, 10, 11, 12, 13, 16, 19]]
n:32 p:8 g:26 part:[[26, 32], [27, 31], [28, 30], [1, 25], [2, 24], [3, 12, 20, 23], [4, 13, 15, 17, 19, 22], [5, 6, 7, 8, 9, 10, 11, 14, 16, 18, 21, 29]]
n:32 p:8 g:30 part:[[30, 32], [1, 29], [2, 28], [3, 27], [4, 26], [5, 10, 22, 25], [6, 11, 13, 19, 21, 24], [7, 8, 9, 12, 14, 15, 16, 17, 18, 20, 23, 31]]
n:32 p:8 g:2 part:[[2, 32], [3, 31], [4, 30], [5, 29], [6, 28], [7, 10, 22, 27], [8, 11, 13, 15, 17, 19, 21, 26], [1, 9, 12, 14, 16, 18, 20, 23, 24, 25]]
n:32 p:8 g:6 part:[[6, 32], [7, 31], [8, 30], [9, 29], [10, 28], [11, 14, 18, 27], [12, 15, 17, 26], [1, 2, 3, 4, 5, 13, 16, 19, 20, 21, 22, 23, 24, 25]]
n:32 p:8 g:10 part:[[10, 32], [11, 31], [12, 30], [13, 29], [14, 28], [8, 15, 24, 27], [9, 16, 23, 26], [1, 2, 3, 4, 5, 6, 7, 17, 18, 19, 20, 21, 22, 25]]
n:32 p:8 g:14 part:[[14, 32], [15, 31], [16, 30], [17, 29], [18, 28], [8, 19, 24, 27], [9, 10, 20, 22, 23, 26], [1, 2, 3, 4, 5, 6, 7, 11, 12, 13, 21, 25]]
n:32 p:8 g:18 part:[[18, 32], [19, 31], [20, 30], [21, 29], [22, 28], [24, 26], [7, 23, 25, 27], [1, 2, 3, 4, 5, 6, 8, 9, 10, 11, 12, 13, 14, 15, 16, 17]]
n:32 p:8 g:22 part:[[22, 32], [23, 31], [24, 30], [25, 29], [26, 28], [1, 5, 21, 27], [2, 14, 15, 17, 18, 20], [3, 4, 6, 7, 8, 9, 10, 11, 12, 13, 16, 19]]
n:32 p:8 g:26 part:[[26, 32], [27, 31], [28, 30], [1, 25], [2, 24], [3, 12, 20, 23], [4, 13, 14, 15, 17, 18, 19, 22], [5, 6, 7, 8, 9, 10, 11, 16, 21, 29]]
n:32 p:8 g:30 part:[[30, 32], [1, 29], [2, 28], [3, 27], [4, 26], [5, 10, 22, 25], [6, 11, 13, 15, 17, 19, 21, 24], [7, 8, 9, 12, 14, 16, 18, 20, 23, 31]]
n:32 p:8 g:2 part:[[2, 32], [3, 31], [4, 30], [5, 29], [6, 28], [7, 10, 12, 20, 22, 27], [8, 11, 14, 18, 21, 26], [1, 9, 13, 15, 16, 17, 19, 23, 24, 25]]
n:32 p:8 g:6 part:[[6, 32], [7, 31], [8, 30], [9, 29], [10, 28], [12, 26], [11, 14, 15, 17, 18, 27], [1, 2, 3, 4, 5, 13, 16, 19, 20, 21, 22, 23, 24, 25]]
n:32 p:8 g:10 part:[[10, 32], [11, 31], [12, 30], [13, 29], [14, 28], [16, 26], [8, 9, 15, 23, 24, 27], [1, 2, 3, 4, 5, 6, 7, 17, 18, 19, 20, 21, 22, 25]]
n:32 p:8 g:14 part:[[14, 32], [15, 31], [16, 30], [17, 29], [18, 28], [9, 20, 23, 26], [8, 10, 19, 22, 24, 27], [1, 2, 3, 4, 5, 6, 7, 11, 12, 13, 21, 25]]
n:32 p:8 g:18 part:[[18, 32], [19, 31], [20, 30], [21, 29], [22, 28], [24, 26], [7, 23, 25, 27], [1, 2, 3, 4, 5, 6, 8, 9, 10, 11, 12, 13, 14, 15, 16, 17]]
n:32 p:8 g:22 part:[[22, 32], [23, 31], [24, 30], [25, 29], [26, 28], [2, 15, 17, 20], [1, 5, 14, 18, 21, 27], [3, 4, 6, 7, 8, 9, 10, 11, 12, 13, 16, 19]]
n:32 p:8 g:26 part:[[26, 32], [27, 31], [28, 30], [1, 25], [2, 24], [3, 12, 14, 18, 20, 23], [4, 13, 15, 17, 19, 22], [5, 6, 7, 8, 9, 10, 11, 16, 21, 29]]
n:32 p:8 g:30 part:[[30, 32], [1, 29], [2, 28], [3, 27], [4, 26], [5, 10, 12, 20, 22, 25], [6, 11, 14, 18, 21, 24], [7, 8, 9, 13, 15, 16, 17, 19, 23, 31]]
n:32 p:8 g:2 part:[[2, 32], [3, 31], [4, 30], [5, 29], [6, 28], [7, 10, 12, 20, 22, 27], [8, 11, 14, 15, 17, 18, 21, 26], [1, 9, 13, 16, 19, 23, 24, 25]]
n:32 p:8 g:6 part:[[6, 32], [7, 31], [8, 30], [9, 29], [10, 28], [12, 26], [11, 14, 15, 17, 18, 27], [1, 2, 3, 4, 5, 13, 16, 19, 20, 21, 22, 23, 24, 25]]
n:32 p:8 g:10 part:[[10, 32], [11, 31], [12, 30], [13, 29], [14, 28], [16, 26], [8, 9, 15, 23, 24, 27], [1, 2, 3, 4, 5, 6, 7, 17, 18, 19, 20, 21, 22, 25]]
n:32 p:8 g:14 part:[[14, 32], [15, 31], [16, 30], [17, 29], [18, 28], [9, 20, 23, 26], [8, 10, 19, 22, 24, 27], [1, 2, 3, 4, 5, 6, 7, 11, 12, 13, 21, 25]]
n:32 p:8 g:18 part:[[18, 32], [19, 31], [20, 30], [21, 29], [22, 28], [24, 26], [7, 23, 25, 27], [1, 2, 3, 4, 5, 6, 8, 9, 10, 11, 12, 13, 14, 15, 16, 17]]
n:32 p:8 g:22 part:[[22, 32], [23, 31], [24, 30], [25, 29], [26, 28], [2, 15, 17, 20], [1, 5, 14, 18, 21, 27], [3, 4, 6, 7, 8, 9, 10, 11, 12, 13, 16, 19]]
n:32 p:8 g:26 part:[[26, 32], [27, 31], [28, 30], [1, 25], [2, 24], [3, 12, 14, 18, 20, 23], [4, 13, 15, 17, 19, 22], [5, 6, 7, 8, 9, 10, 11, 16, 21, 29]]
n:32 p:8 g:30 part:[[30, 32], [1, 29], [2, 28], [3, 27], [4, 26], [5, 10, 12, 20, 22, 25], [6, 11, 14, 15, 17, 18, 21, 24], [7, 8, 9, 13, 16, 19, 23, 31]]
n:32 p:8 g:2 part:[[2, 32], [3, 31], [4, 30], [5, 29], [6, 10, 22, 28], [7, 11, 21, 27], [8, 12, 20, 26], [1, 9, 13, 14, 15, 16, 17, 18, 19, 23, 24, 25]]
n:32 p:8 g:6 part:[[6, 32], [7, 31], [8, 30], [9, 29], [12, 26], [10, 14, 18, 28], [11, 15, 17, 27], [1, 2, 3, 4, 5, 13, 16, 19, 20, 21, 22, 23, 24, 25]]
n:32 p:8 g:10 part:[[10, 32], [11, 31], [12, 30], [13, 29], [16, 26], [8, 14, 24, 28], [9, 15, 23, 27], [1, 2, 3, 4, 5, 6, 7, 17, 18, 19, 20, 21, 22, 25]]
n:32 p:8 g:14 part:[[14, 32], [15, 31], [16, 30], [17, 29], [8, 18, 24, 28], [9, 19, 23, 27], [10, 20, 22, 26], [1, 2, 3, 4, 5, 6, 7, 11, 12, 13, 21, 25]]
n:32 p:8 g:18 part:[[18, 32], [19, 31], [20, 30], [21, 29], [23, 27], [24, 26], [7, 22, 25, 28], [1, 2, 3, 4, 5, 6, 8, 9, 10, 11, 12, 13, 14, 15, 16, 17]]
n:32 p:8 g:22 part:[[22, 32], [23, 31], [24, 30], [25, 29], [5, 26, 27, 28], [1, 14, 18, 21], [2, 15, 17, 20], [3, 4, 6, 7, 8, 9, 10, 11, 12, 13, 16, 19]]
n:32 p:8 g:26 part:[[26, 32], [27, 31], [28, 30], [1, 25], [2, 12, 20, 24], [3, 13, 19, 23], [4, 14, 18, 22], [5, 6, 7, 8, 9, 10, 11, 15, 16, 17, 21, 29]]
n:32 p:8 g:30 part:[[30, 32], [1, 29], [2, 28], [3, 27], [4, 10, 22, 26], [5, 11, 21, 25], [6, 12, 20, 24], [7, 8, 9, 13, 14, 15, 16, 17, 18, 19, 23, 31]]
n:32 p:8 g:2 part:[[2, 32], [3, 31], [4, 30], [5, 29], [6, 10, 22, 28], [7, 11, 21, 27], [8, 12, 14, 18, 20, 26], [1, 9, 13, 15, 16, 17, 19, 23, 24, 25]]
n:32 p:8 g:6 part:[[6, 32], [7, 31], [8, 30], [9, 29], [12, 26], [10, 14, 18, 28], [11, 15, 17, 27], [1, 2, 3, 4, 5, 13, 16, 19, 20, 21, 22, 23, 24, 25]]
n:32 p:8 g:10 part:[[10, 32], [11, 31], [12, 30], [13, 29], [16, 26], [8, 14, 24, 28], [9, 15, 23, 27], [1, 2, 3, 4, 5, 6, 7, 17, 18, 19, 20, 21, 22, 25]]
n:32 p:8 g:14 part:[[14, 32], [15, 31], [16, 30], [17, 29], [8, 18, 24, 28], [9, 19, 23, 27], [10, 20, 22, 26], [1, 2, 3, 4, 5, 6, 7, 11, 12, 13, 21, 25]]
n:32 p:8 g:18 part:[[18, 32], [19, 31], [20, 30], [21, 29], [23, 27], [24, 26], [7, 22, 25, 28], [1, 2, 3, 4, 5, 6, 8, 9, 10, 11, 12, 13, 14, 15, 16, 17]]
n:32 p:8 g:22 part:[[22, 32], [23, 31], [24, 30], [25, 29], [5, 26, 27, 28], [1, 14, 18, 21], [2, 15, 17, 20], [3, 4, 6, 7, 8, 9, 10, 11, 12, 13, 16, 19]]
n:32 p:8 g:26 part:[[26, 32], [27, 31], [28, 30], [1, 25], [2, 12, 20, 24], [3, 13, 19, 23], [4, 14, 15, 17, 18, 22], [5, 6, 7, 8, 9, 10, 11, 16, 21, 29]]
n:32 p:8 g:30 part:[[30, 32], [1, 29], [2, 28], [3, 27], [4, 10, 22, 26], [5, 11, 21, 25], [6, 12, 14, 18, 20, 24], [7, 8, 9, 13, 15, 16, 17, 19, 23, 31]]
n:32 p:8 g:2 part:[[2, 32], [3, 31], [4, 30], [5, 29], [6, 10, 22, 28], [7, 11, 21, 27], [8, 12, 14, 15, 17, 18, 20, 26], [1, 9, 13, 16, 19, 23, 24, 25]]
n:32 p:8 g:6 part:[[6, 32], [7, 31], [8, 30], [9, 29], [12, 26], [10, 14, 18, 28], [11, 15, 17, 27], [1, 2, 3, 4, 5, 13, 16, 19, 20, 21, 22, 23, 24, 25]]
n:32 p:8 g:10 part:[[10, 32], [11, 31], [12, 30], [13, 29], [16, 26], [8, 14, 24, 28], [9, 15, 23, 27], [1, 2, 3, 4, 5, 6, 7, 17, 18, 19, 20, 21, 22, 25]]
n:32 p:8 g:14 part:[[14, 32], [15, 31], [16, 30], [17, 29], [8, 18, 24, 28], [9, 19, 23, 27], [10, 20, 22, 26], [1, 2, 3, 4, 5, 6, 7, 11, 12, 13, 21, 25]]
n:32 p:8 g:18 part:[[18, 32], [19, 31], [20, 30], [21, 29], [23, 27], [24, 26], [7, 22, 25, 28], [1, 2, 3, 4, 5, 6, 8, 9, 10, 11, 12, 13, 14, 15, 16, 17]]
n:32 p:8 g:22 part:[[22, 32], [23, 31], [24, 30], [25, 29], [5, 26, 27, 28], [1, 14, 18, 21], [2, 15, 17, 20], [3, 4, 6, 7, 8, 9, 10, 11, 12, 13, 16, 19]]
n:32 p:8 g:26 part:[[26, 32], [27, 31], [28, 30], [1, 25], [2, 12, 20, 24], [3, 13, 19, 23], [4, 14, 15, 17, 18, 22], [5, 6, 7, 8, 9, 10, 11, 16, 21, 29]]
n:32 p:8 g:30 part:[[30, 32], [1, 29], [2, 28], [3, 27], [4, 10, 22, 26], [5, 11, 21, 25], [6, 12, 14, 15, 17, 18, 20, 24], [7, 8, 9, 13, 16, 19, 23, 31]]
n:32 p:8 g:2 part:[[2, 32], [3, 31], [4, 30], [5, 29], [6, 10, 22, 28], [7, 11, 13, 19, 21, 27], [8, 12, 15, 17, 20, 26], [1, 9, 14, 16, 18, 23, 24, 25]]
n:32 p:8 g:6 part:[[6, 32], [7, 31], [8, 30], [9, 29], [12, 26], [10, 14, 18, 28], [11, 15, 17, 27], [1, 2, 3, 4, 5, 13, 16, 19, 20, 21, 22, 23, 24, 25]]
n:32 p:8 g:10 part:[[10, 32], [11, 31], [12, 30], [13, 29], [16, 26], [8, 14, 24, 28], [9, 15, 23, 27], [1, 2, 3, 4, 5, 6, 7, 17, 18, 19, 20, 21, 22, 25]]
n:32 p:8 g:14 part:[[14, 32], [15, 31], [16, 30], [17, 29], [20, 26], [8, 18, 24, 28], [9, 10, 19, 22, 23, 27], [1, 2, 3, 4, 5, 6, 7, 11, 12, 13, 21, 25]]
n:32 p:8 g:18 part:[[18, 32], [19, 31], [20, 30], [21, 29], [23, 27], [24, 26], [7, 22, 25, 28], [1, 2, 3, 4, 5, 6, 8, 9, 10, 11, 12, 13, 14, 15, 16, 17]]
n:32 p:8 g:22 part:[[22, 32], [23, 31], [24, 30], [25, 29], [2, 20], [5, 26, 27, 28], [1, 14, 15, 17, 18, 21], [3, 4, 6, 7, 8, 9, 10, 11, 12, 13, 16, 19]]
n:32 p:8 g:26 part:[[26, 32], [27, 31], [28, 30], [1, 25], [2, 12, 20, 24], [4, 14, 18, 22], [3, 13, 15, 17, 19, 23], [5, 6, 7, 8, 9, 10, 11, 16, 21, 29]]
n:32 p:8 g:30 part:[[30, 32], [1, 29], [2, 28], [3, 27], [4, 10, 22, 26], [5, 11, 13, 19, 21, 25], [6, 12, 15, 17, 20, 24], [7, 8, 9, 14, 16, 18, 23, 31]]
n:32 p:8 g:2 part:[[2, 32], [3, 31], [4, 30], [5, 29], [6, 10, 12, 20, 22, 28], [7, 11, 14, 18, 21, 27], [8, 13, 15, 17, 19, 26], [1, 9, 16, 23, 24, 25]]
n:32 p:8 g:6 part:[[6, 32], [7, 31], [8, 30], [9, 29], [11, 27], [12, 26], [10, 14, 15, 17, 18, 28], [1, 2, 3, 4, 5, 13, 16, 19, 20, 21, 22, 23, 24, 25]]
n:32 p:8 g:10 part:[[10, 32], [11, 31], [12, 30], [13, 29], [15, 27], [16, 26], [8, 9, 14, 23, 24, 28], [1, 2, 3, 4, 5, 6, 7, 17, 18, 19, 20, 21, 22, 25]]
n:32 p:8 g:14 part:[[14, 32], [15, 31], [16, 30], [17, 29], [20, 26], [9, 19, 23, 27], [8, 10, 18, 22, 24, 28], [1, 2, 3, 4, 5, 6, 7, 11, 12, 13, 21, 25]]
n:32 p:8 g:18 part:[[18, 32], [19, 31], [20, 30], [21, 29], [23, 27], [24, 26], [7, 22, 25, 28], [1, 2, 3, 4, 5, 6, 8, 9, 10, 11, 12, 13, 14, 15, 16, 17]]
n:32 p:8 g:22 part:[[22, 32], [23, 31], [24, 30], [25, 29], [2, 20], [1, 15, 17, 21], [5, 14, 18, 26, 27, 28], [3, 4, 6, 7, 8, 9, 10, 11, 12, 13, 16, 19]]
n:32 p:8 g:26 part:[[26, 32], [27, 31], [28, 30], [1, 25], [4, 22], [2, 12, 14, 18, 20, 24], [3, 13, 15, 17, 19, 23], [5, 6, 7, 8, 9, 10, 11, 16, 21, 29]]
n:32 p:8 g:30 part:[[30, 32], [1, 29], [2, 28], [3, 27], [4, 10, 12, 20, 22, 26], [5, 11, 14, 18, 21, 25], [6, 13, 15, 17, 19, 24], [7, 8, 9, 16, 23, 31]]
n:32 p:8 g:2 part:[[2, 32], [3, 31], [4, 30], [5, 10, 22, 29], [6, 11, 21, 28], [7, 12, 20, 27], [8, 13, 19, 26], [1, 9, 14, 15, 16, 17, 18, 23, 24, 25]]
n:32 p:8 g:6 part:[[6, 32], [7, 31], [8, 30], [11, 27], [12, 26], [9, 14, 18, 29], [10, 15, 17, 28], [1, 2, 3, 4, 5, 13, 16, 19, 20, 21, 22, 23, 24, 25]]
n:32 p:8 g:10 part:[[10, 32], [11, 31], [12, 30], [15, 27], [16, 26], [8, 13, 24, 29], [9, 14, 23, 28], [1, 2, 3, 4, 5, 6, 7, 17, 18, 19, 20, 21, 22, 25]]
n:32 p:8 g:14 part:[[14, 32], [15, 31], [16, 30], [20, 26], [8, 17, 24, 29], [9, 18, 23, 28], [10, 19, 22, 27], [1, 2, 3, 4, 5, 6, 7, 11, 12, 13, 21, 25]]
n:32 p:8 g:18 part:[[18, 32], [19, 31], [20, 30], [22, 28], [23, 27], [24, 26], [7, 21, 25, 29], [1, 2, 3, 4, 5, 6, 8, 9, 10, 11, 12, 13, 14, 15, 16, 17]]
n:32 p:8 g:22 part:[[22, 32], [23, 31], [24, 30], [2, 20], [5, 25, 27, 29], [14, 18, 26, 28], [1, 15, 17, 21], [3, 4, 6, 7, 8, 9, 10, 11, 12, 13, 16, 19]]
n:32 p:8 g:26 part:[[26, 32], [27, 31], [28, 30], [1, 12, 20, 25], [2, 13, 19, 24], [3, 14, 18, 23], [4, 15, 17, 22], [5, 6, 7, 8, 9, 10, 11, 16, 21, 29]]
n:32 p:8 g:30 part:[[30, 32], [1, 29], [2, 28], [3, 10, 22, 27], [4, 11, 21, 26], [5, 12, 20, 25], [6, 13, 19, 24], [7, 8, 9, 14, 15, 16, 17, 18, 23, 31]]
n:32 p:8 g:2 part:[[2, 32], [3, 31], [4, 30], [5, 10, 22, 29], [6, 11, 21, 28], [7, 12, 20, 27], [8, 13, 15, 17, 19, 26], [1, 9, 14, 16, 18, 23, 24, 25]]
n:32 p:8 g:6 part:[[6, 32], [7, 31], [8, 30], [11, 27], [12, 26], [9, 14, 18, 29], [10, 15, 17, 28], [1, 2, 3, 4, 5, 13, 16, 19, 20, 21, 22, 23, 24, 25]]
n:32 p:8 g:10 part:[[10, 32], [11, 31], [12, 30], [15, 27], [16, 26], [8, 13, 24, 29], [9, 14, 23, 28], [1, 2, 3, 4, 5, 6, 7, 17, 18, 19, 20, 21, 22, 25]]
n:32 p:8 g:14 part:[[14, 32], [15, 31], [16, 30], [20, 26], [8, 17, 24, 29], [9, 18, 23, 28], [10, 19, 22, 27], [1, 2, 3, 4, 5, 6, 7, 11, 12, 13, 21, 25]]
n:32 p:8 g:18 part:[[18, 32], [19, 31], [20, 30], [22, 28], [23, 27], [24, 26], [7, 21, 25, 29], [1, 2, 3, 4, 5, 6, 8, 9, 10, 11, 12, 13, 14, 15, 16, 17]]
n:32 p:8 g:22 part:[[22, 32], [23, 31], [24, 30], [2, 20], [5, 25, 27, 29], [14, 18, 26, 28], [1, 15, 17, 21], [3, 4, 6, 7, 8, 9, 10, 11, 12, 13, 16, 19]]
n:32 p:8 g:26 part:[[26, 32], [27, 31], [28, 30], [1, 12, 20, 25], [2, 13, 19, 24], [3, 14, 18, 23], [4, 15, 17, 22], [5, 6, 7, 8, 9, 10, 11, 16, 21, 29]]
n:32 p:8 g:30 part:[[30, 32], [1, 29], [2, 28], [3, 10, 22, 27], [4, 11, 21, 26], [5, 12, 20, 25], [6, 13, 15, 17, 19, 24], [7, 8, 9, 14, 16, 18, 23, 31]]
n:32 p:8 g:2 part:[[2, 32], [3, 31], [4, 30], [5, 10, 22, 29], [6, 11, 21, 28], [7, 12, 14, 18, 20, 27], [8, 13, 15, 17, 19, 26], [1, 9, 16, 23, 24, 25]]
n:32 p:8 g:6 part:[[6, 32], [7, 31], [8, 30], [11, 27], [12, 26], [9, 14, 18, 29], [10, 15, 17, 28], [1, 2, 3, 4, 5, 13, 16, 19, 20, 21, 22, 23, 24, 25]]
n:32 p:8 g:10 part:[[10, 32], [11, 31], [12, 30], [15, 27], [16, 26], [8, 13, 24, 29], [9, 14, 23, 28], [1, 2, 3, 4, 5, 6, 7, 17, 18, 19, 20, 21, 22, 25]]
n:32 p:8 g:14 part:[[14, 32], [15, 31], [16, 30], [20, 26], [8, 17, 24, 29], [9, 18, 23, 28], [10, 19, 22, 27], [1, 2, 3, 4, 5, 6, 7, 11, 12, 13, 21, 25]]
n:32 p:8 g:18 part:[[18, 32], [19, 31], [20, 30], [22, 28], [23, 27], [24, 26], [7, 21, 25, 29], [1, 2, 3, 4, 5, 6, 8, 9, 10, 11, 12, 13, 14, 15, 16, 17]]
n:32 p:8 g:22 part:[[22, 32], [23, 31], [24, 30], [2, 20], [5, 25, 27, 29], [14, 18, 26, 28], [1, 15, 17, 21], [3, 4, 6, 7, 8, 9, 10, 11, 12, 13, 16, 19]]
n:32 p:8 g:26 part:[[26, 32], [27, 31], [28, 30], [4, 22], [1, 12, 20, 25], [2, 13, 19, 24], [3, 14, 15, 17, 18, 23], [5, 6, 7, 8, 9, 10, 11, 16, 21, 29]]
n:32 p:8 g:30 part:[[30, 32], [1, 29], [2, 28], [3, 10, 22, 27], [4, 11, 21, 26], [5, 12, 14, 18, 20, 25], [6, 13, 15, 17, 19, 24], [7, 8, 9, 16, 23, 31]]
n:32 p:8 g:2 part:[[2, 32], [3, 31], [4, 10, 22, 30], [5, 11, 21, 29], [6, 12, 20, 28], [7, 13, 19, 27], [8, 14, 18, 26], [1, 9, 15, 16, 17, 23, 24, 25]]
n:32 p:8 g:6 part:[[6, 32], [7, 31], [10, 28], [11, 27], [12, 26], [8, 14, 18, 30], [9, 15, 17, 29], [1, 2, 3, 4, 5, 13, 16, 19, 20, 21, 22, 23, 24, 25]]
n:32 p:8 g:10 part:[[10, 32], [11, 31], [14, 28], [15, 27], [16, 26], [8, 12, 24, 30], [9, 13, 23, 29], [1, 2, 3, 4, 5, 6, 7, 17, 18, 19, 20, 21, 22, 25]]
n:32 p:8 g:14 part:[[14, 32], [15, 31], [19, 27], [20, 26], [8, 16, 24, 30], [9, 17, 23, 29], [10, 18, 22, 28], [1, 2, 3, 4, 5, 6, 7, 11, 12, 13, 21, 25]]
n:32 p:8 g:18 part:[[18, 32], [19, 31], [21, 29], [22, 28], [23, 27], [24, 26], [7, 20, 25, 30], [1, 2, 3, 4, 5, 6, 8, 9, 10, 11, 12, 13, 14, 15, 16, 17]]
n:32 p:8 g:22 part:[[22, 32], [23, 31], [1, 21], [2, 20], [5, 24, 27, 30], [14, 18, 25, 29], [15, 17, 26, 28], [3, 4, 6, 7, 8, 9, 10, 11, 12, 13, 16, 19]]
n:32 p:8 g:26 part:[[26, 32], [27, 31], [4, 22], [12, 20, 28, 30], [1, 13, 19, 25], [2, 14, 18, 24], [3, 15, 17, 23], [5, 6, 7, 8, 9, 10, 11, 16, 21, 29]]
n:32 p:8 g:30 part:[[30, 32], [1, 29], [2, 10, 22, 28], [3, 11, 21, 27], [4, 12, 20, 26], [5, 13, 19, 25], [6, 14, 18, 24], [7, 8, 9, 15, 16, 17, 23, 31]]
n:32 p:8 g:2 part:[[2, 32], [3, 31], [4, 10, 22, 30], [5, 11, 21, 29], [6, 12, 20, 28], [7, 13, 19, 27], [8, 14, 15, 17, 18, 26], [1, 9, 16, 23, 24, 25]]
n:32 p:8 g:6 part:[[6, 32], [7, 31], [10, 28], [11, 27], [12, 26], [8, 14, 18, 30], [9, 15, 17, 29], [1, 2, 3, 4, 5, 13, 16, 19, 20, 21, 22, 23, 24, 25]]
n:32 p:8 g:10 part:[[10, 32], [11, 31], [14, 28], [15, 27], [16, 26], [8, 12, 24, 30], [9, 13, 23, 29], [1, 2, 3, 4, 5, 6, 7, 17, 18, 19, 20, 21, 22, 25]]
n:32 p:8 g:14 part:[[14, 32], [15, 31], [19, 27], [20, 26], [8, 16, 24, 30], [9, 17, 23, 29], [10, 18, 22, 28], [1, 2, 3, 4, 5, 6, 7, 11, 12, 13, 21, 25]]
n:32 p:8 g:18 part:[[18, 32], [19, 31], [21, 29], [22, 28], [23, 27], [24, 26], [7, 20, 25, 30], [1, 2, 3, 4, 5, 6, 8, 9, 10, 11, 12, 13, 14, 15, 16, 17]]
n:32 p:8 g:22 part:[[22, 32], [23, 31], [1, 21], [2, 20], [5, 24, 27, 30], [14, 18, 25, 29], [15, 17, 26, 28], [3, 4, 6, 7, 8, 9, 10, 11, 12, 13, 16, 19]]
n:32 p:8 g:26 part:[[26, 32], [27, 31], [4, 22], [12, 20, 28, 30], [1, 13, 19, 25], [2, 14, 18, 24], [3, 15, 17, 23], [5, 6, 7, 8, 9, 10, 11, 16, 21, 29]]
n:32 p:8 g:30 part:[[30, 32], [1, 29], [2, 10, 22, 28], [3, 11, 21, 27], [4, 12, 20, 26], [5, 13, 19, 25], [6, 14, 15, 17, 18, 24], [7, 8, 9, 16, 23, 31]]
n:32 p:8 g:2 part:[[2, 32], [3, 10, 22, 31], [4, 11, 21, 30], [5, 12, 20, 29], [6, 13, 19, 28], [7, 14, 18, 27], [8, 15, 17, 26], [1, 9, 16, 23, 24, 25]]
n:32 p:8 g:6 part:[[6, 32], [9, 29], [10, 28], [11, 27], [12, 26], [7, 14, 18, 31], [8, 15, 17, 30], [1, 2, 3, 4, 5, 13, 16, 19, 20, 21, 22, 23, 24, 25]]
n:32 p:8 g:10 part:[[10, 32], [13, 29], [14, 28], [15, 27], [16, 26], [8, 11, 24, 31], [9, 12, 23, 30], [1, 2, 3, 4, 5, 6, 7, 17, 18, 19, 20, 21, 22, 25]]
n:32 p:8 g:14 part:[[14, 32], [18, 28], [19, 27], [20, 26], [8, 15, 24, 31], [9, 16, 23, 30], [10, 17, 22, 29], [1, 2, 3, 4, 5, 6, 7, 11, 12, 13, 21, 25]]
n:32 p:8 g:18 part:[[18, 32], [20, 30], [21, 29], [22, 28], [23, 27], [24, 26], [7, 19, 25, 31], [1, 2, 3, 4, 5, 6, 8, 9, 10, 11, 12, 13, 14, 15, 16, 17]]
n:32 p:8 g:22 part:[[22, 32], [26, 28], [1, 21], [2, 20], [5, 23, 27, 31], [14, 18, 24, 30], [15, 17, 25, 29], [3, 4, 6, 7, 8, 9, 10, 11, 12, 13, 16, 19]]
n:32 p:8 g:26 part:[[26, 32], [3, 23], [4, 22], [12, 20, 27, 31], [13, 19, 28, 30], [1, 14, 18, 25], [2, 15, 17, 24], [5, 6, 7, 8, 9, 10, 11, 16, 21, 29]]
n:32 p:8 g:30 part:[[30, 32], [1, 10, 22, 29], [2, 11, 21, 28], [3, 12, 20, 27], [4, 13, 19, 26], [5, 14, 18, 25], [6, 15, 17, 24], [7, 8, 9, 16, 23, 31]]
n:32 p:8 g:2 part:[[8, 26], [2, 10, 22, 32], [3, 11, 21, 31], [4, 12, 20, 30], [5, 13, 19, 29], [6, 14, 18, 28], [7, 15, 17, 27], [1, 9, 16, 23, 24, 25]]
n:32 p:8 g:6 part:[[8, 30], [9, 29], [10, 28], [11, 27], [12, 26], [6, 14, 18, 32], [7, 15, 17, 31], [1, 2, 3, 4, 5, 13, 16, 19, 20, 21, 22, 23, 24, 25]]
n:32 p:8 g:10 part:[[12, 30], [13, 29], [14, 28], [15, 27], [16, 26], [8, 10, 24, 32], [9, 11, 23, 31], [1, 2, 3, 4, 5, 6, 7, 17, 18, 19, 20, 21, 22, 25]]
n:32 p:8 g:14 part:[[17, 29], [18, 28], [19, 27], [20, 26], [8, 14, 24, 32], [9, 15, 23, 31], [10, 16, 22, 30], [1, 2, 3, 4, 5, 6, 7, 11, 12, 13, 21, 25]]
n:32 p:8 g:18 part:[[19, 31], [20, 30], [21, 29], [22, 28], [23, 27], [24, 26], [7, 18, 25, 32], [1, 2, 3, 4, 5, 6, 8, 9, 10, 11, 12, 13, 14, 15, 16, 17]]
n:32 p:8 g:22 part:[[25, 29], [26, 28], [1, 21], [2, 20], [5, 22, 27, 32], [14, 18, 23, 31], [15, 17, 24, 30], [3, 4, 6, 7, 8, 9, 10, 11, 12, 13, 16, 19]]
n:32 p:8 g:26 part:[[2, 24], [3, 23], [4, 22], [12, 20, 26, 32], [13, 19, 27, 31], [14, 18, 28, 30], [1, 15, 17, 25], [5, 6, 7, 8, 9, 10, 11, 16, 21, 29]]
n:32 p:8 g:30 part:[[6, 24], [10, 22, 30, 32], [1, 11, 21, 29], [2, 12, 20, 28], [3, 13, 19, 27], [4, 14, 18, 26], [5, 15, 17, 25], [7, 8, 9, 16, 23, 31]]
n:32 p:7 g:16 part:[[16, 32], [17, 31], [18, 30], [19, 29], [20, 28], [21, 27], [1, 2, 3, 4, 5, 6, 7, 8, 9, 10, 11, 12, 13, 14, 15, 22, 23, 24, 25, 26]]
n:32 p:7 g:16 part:[[16, 32], [17, 31], [18, 30], [19, 29], [20, 28], [7, 21, 25, 27], [1, 2, 3, 4, 5, 6, 8, 9, 10, 11, 12, 13, 14, 15, 22, 23, 24, 26]]
n:32 p:7 g:16 part:[[16, 32], [17, 31], [18, 30], [19, 29], [20, 28], [7, 9, 21, 23, 25, 27], [1, 2, 3, 4, 5, 6, 8, 10, 11, 12, 13, 14, 15, 22, 24, 26]]
n:32 p:7 g:16 part:[[16, 32], [17, 31], [18, 30], [19, 29], [20, 28], [7, 8, 9, 21, 23, 24, 25, 27], [1, 2, 3, 4, 5, 6, 10, 11, 12, 13, 14, 15, 22, 26]]
n:32 p:7 g:16 part:[[16, 32], [17, 31], [18, 30], [19, 29], [20, 28], [7, 8, 9, 21, 23, 24, 25, 27], [1, 2, 3, 4, 5, 6, 10, 11, 12, 13, 14, 15, 22, 26]]
n:32 p:7 g:16 part:[[16, 32], [17, 31], [18, 30], [19, 29], [7, 20, 25, 28], [8, 21, 24, 27], [1, 2, 3, 4, 5, 6, 9, 10, 11, 12, 13, 14, 15, 22, 23, 26]]
n:32 p:7 g:16 part:[[16, 32], [17, 31], [18, 30], [19, 29], [7, 20, 25, 28], [8, 9, 21, 23, 24, 27], [1, 2, 3, 4, 5, 6, 10, 11, 12, 13, 14, 15, 22, 26]]
n:32 p:7 g:16 part:[[16, 32], [17, 31], [18, 30], [19, 29], [7, 20, 25, 28], [8, 9, 21, 23, 24, 27], [1, 2, 3, 4, 5, 6, 10, 11, 12, 13, 14, 15, 22, 26]]
n:32 p:7 g:16 part:[[16, 32], [17, 31], [18, 30], [19, 29], [7, 20, 25, 28], [8, 9, 21, 23, 24, 27], [1, 2, 3, 4, 5, 6, 10, 11, 12, 13, 14, 15, 22, 26]]
n:32 p:7 g:16 part:[[16, 32], [17, 31], [18, 30], [19, 29], [8, 21, 24, 27], [7, 9, 20, 23, 25, 28], [1, 2, 3, 4, 5, 6, 10, 11, 12, 13, 14, 15, 22, 26]]
n:32 p:7 g:16 part:[[16, 32], [17, 31], [18, 30], [19, 29], [8, 21, 24, 27], [7, 9, 20, 23, 25, 28], [1, 2, 3, 4, 5, 6, 10, 11, 12, 13, 14, 15, 22, 26]]
n:32 p:7 g:16 part:[[16, 32], [17, 31], [18, 30], [19, 29], [21, 27], [7, 8, 9, 20, 23, 24, 25, 28], [1, 2, 3, 4, 5, 6, 10, 11, 12, 13, 14, 15, 22, 26]]
n:32 p:7 g:16 part:[[16, 32], [17, 31], [18, 30], [7, 19, 25, 29], [8, 20, 24, 28], [9, 21, 23, 27], [1, 2, 3, 4, 5, 6, 10, 11, 12, 13, 14, 15, 22, 26]]
n:32 p:7 g:16 part:[[16, 32], [17, 31], [18, 30], [7, 19, 25, 29], [8, 20, 24, 28], [9, 21, 23, 27], [1, 2, 3, 4, 5, 6, 10, 11, 12, 13, 14, 15, 22, 26]]
n:32 p:7 g:16 part:[[16, 32], [17, 31], [18, 30], [7, 19, 25, 29], [8, 20, 24, 28], [9, 21, 23, 27], [1, 2, 3, 4, 5, 6, 10, 11, 12, 13, 14, 15, 22, 26]]
n:32 p:7 g:16 part:[[16, 32], [17, 31], [18, 30], [21, 27], [7, 19, 25, 29], [8, 9, 20, 23, 24, 28], [1, 2, 3, 4, 5, 6, 10, 11, 12, 13, 14, 15, 22, 26]]
n:32 p:7 g:16 part:[[16, 32], [17, 31], [18, 30], [21, 27], [7, 19, 25, 29], [8, 9, 20, 23, 24, 28], [1, 2, 3, 4, 5, 6, 10, 11, 12, 13, 14, 15, 22, 26]]
n:32 p:7 g:16 part:[[16, 32], [17, 31], [18, 30], [21, 27], [8, 20, 24, 28], [7, 9, 19, 23, 25, 29], [1, 2, 3, 4, 5, 6, 10, 11, 12, 13, 14, 15, 22, 26]]
n:32 p:7 g:16 part:[[16, 32], [17, 31], [21, 27], [7, 18, 25, 30], [8, 19, 24, 29], [9, 20, 23, 28], [1, 2, 3, 4, 5, 6, 10, 11, 12, 13, 14, 15, 22, 26]]
n:32 p:7 g:16 part:[[16, 32], [17, 31], [21, 27], [7, 18, 25, 30], [8, 19, 24, 29], [9, 20, 23, 28], [1, 2, 3, 4, 5, 6, 10, 11, 12, 13, 14, 15, 22, 26]]
n:32 p:7 g:16 part:[[16, 32], [17, 31], [21, 27], [7, 18, 25, 30], [8, 19, 24, 29], [9, 20, 23, 28], [1, 2, 3, 4, 5, 6, 10, 11, 12, 13, 14, 15, 22, 26]]
n:32 p:7 g:16 part:[[16, 32], [17, 31], [21, 27], [7, 18, 25, 30], [8, 19, 24, 29], [9, 20, 23, 28], [1, 2, 3, 4, 5, 6, 10, 11, 12, 13, 14, 15, 22, 26]]
n:32 p:7 g:16 part:[[16, 32], [17, 31], [20, 28], [21, 27], [7, 18, 25, 30], [8, 9, 19, 23, 24, 29], [1, 2, 3, 4, 5, 6, 10, 11, 12, 13, 14, 15, 22, 26]]
n:32 p:7 g:16 part:[[16, 32], [20, 28], [21, 27], [7, 17, 25, 31], [8, 18, 24, 30], [9, 19, 23, 29], [1, 2, 3, 4, 5, 6, 10, 11, 12, 13, 14, 15, 22, 26]]
n:32 p:7 g:16 part:[[16, 32], [20, 28], [21, 27], [7, 17, 25, 31], [8, 18, 24, 30], [9, 19, 23, 29], [1, 2, 3, 4, 5, 6, 10, 11, 12, 13, 14, 15, 22, 26]]
n:32 p:7 g:16 part:[[16, 32], [20, 28], [21, 27], [7, 17, 25, 31], [8, 18, 24, 30], [9, 19, 23, 29], [1, 2, 3, 4, 5, 6, 10, 11, 12, 13, 14, 15, 22, 26]]
n:32 p:7 g:16 part:[[19, 29], [20, 28], [21, 27], [7, 16, 25, 32], [8, 17, 24, 31], [9, 18, 23, 30], [1, 2, 3, 4, 5, 6, 10, 11, 12, 13, 14, 15, 22, 26]]
n:32 p:7 g:16 part:[[19, 29], [20, 28], [21, 27], [7, 16, 25, 32], [8, 17, 24, 31], [9, 18, 23, 30], [1, 2, 3, 4, 5, 6, 10, 11, 12, 13, 14, 15, 22, 26]]
n:32 p:6 g:8 part:[[8, 32], [9, 31], [10, 30], [11, 29], [12, 28], [1, 2, 3, 4, 5, 6, 7, 13, 14, 15, 16, 17, 18, 19, 20, 21, 22, 23, 24, 25, 26, 27]]
n:32 p:6 g:24 part:[[24, 32], [25, 31], [26, 30], [27, 29], [1, 23], [2, 3, 4, 5, 6, 7, 8, 9, 10, 11, 12, 13, 14, 15, 16, 17, 18, 19, 20, 21, 22, 28]]
n:32 p:6 g:8 part:[[8, 32], [9, 31], [10, 30], [11, 29], [6, 12, 26, 28], [1, 2, 3, 4, 5, 7, 13, 14, 15, 16, 17, 18, 19, 20, 21, 22, 23, 24, 25, 27]]
n:32 p:6 g:24 part:[[24, 32], [25, 31], [26, 30], [27, 29], [1, 4, 23, 28], [2, 3, 5, 6, 7, 8, 9, 10, 11, 12, 13, 14, 15, 16, 17, 18, 19, 20, 21, 22]]
n:32 p:6 g:8 part:[[8, 32], [9, 31], [10, 30], [11, 29], [6, 12, 14, 18, 26, 28], [1, 2, 3, 4, 5, 7, 13, 15, 16, 17, 19, 20, 21, 22, 23, 24, 25, 27]]
n:32 p:6 g:24 part:[[24, 32], [25, 31], [26, 30], [27, 29], [1, 4, 11, 21, 23, 28], [2, 3, 5, 6, 7, 8, 9, 10, 12, 13, 14, 15, 16, 17, 18, 19, 20, 22]]
n:32 p:6 g:8 part:[[8, 32], [9, 31], [10, 30], [11, 29], [6, 12, 14, 15, 17, 18, 26, 28], [1, 2, 3, 4, 5, 7, 13, 16, 19, 20, 21, 22, 23, 24, 25, 27]]
n:32 p:6 g:24 part:[[24, 32], [25, 31], [26, 30], [27, 29], [1, 4, 11, 13, 19, 21, 23, 28], [2, 3, 5, 6, 7, 8, 9, 10, 12, 14, 15, 16, 17, 18, 20, 22]]
n:32 p:6 g:8 part:[[8, 32], [9, 31], [10, 30], [11, 29], [6, 7, 12, 14, 15, 17, 18, 25, 26, 28], [1, 2, 3, 4, 5, 13, 16, 19, 20, 21, 22, 23, 24, 27]]
n:32 p:6 g:24 part:[[24, 32], [25, 31], [26, 30], [27, 29], [1, 4, 11, 13, 15, 17, 19, 21, 23, 28], [2, 3, 5, 6, 7, 8, 9, 10, 12, 14, 16, 18, 20, 22]]
n:32 p:6 g:8 part:[[8, 32], [9, 31], [10, 30], [11, 29], [6, 7, 12, 14, 15, 17, 18, 25, 26, 28], [1, 2, 3, 4, 5, 13, 16, 19, 20, 21, 22, 23, 24, 27]]
n:32 p:6 g:24 part:[[24, 32], [25, 31], [26, 30], [27, 29], [1, 4, 11, 13, 14, 15, 17, 18, 19, 21, 23, 28], [2, 3, 5, 6, 7, 8, 9, 10, 12, 16, 20, 22]]
n:32 p:6 g:8 part:[[8, 32], [9, 31], [10, 30], [6, 11, 26, 29], [7, 12, 25, 28], [1, 2, 3, 4, 5, 13, 14, 15, 16, 17, 18, 19, 20, 21, 22, 23, 24, 27]]
n:32 p:6 g:24 part:[[24, 32], [25, 31], [26, 30], [4, 27, 28, 29], [1, 11, 21, 23], [2, 3, 5, 6, 7, 8, 9, 10, 12, 13, 14, 15, 16, 17, 18, 19, 20, 22]]
n:32 p:6 g:8 part:[[8, 32], [9, 31], [10, 30], [6, 11, 26, 29], [7, 12, 15, 17, 25, 28], [1, 2, 3, 4, 5, 13, 14, 16, 18, 19, 20, 21, 22, 23, 24, 27]]
n:32 p:6 g:24 part:[[24, 32], [25, 31], [26, 30], [4, 27, 28, 29], [1, 11, 13, 19, 21, 23], [2, 3, 5, 6, 7, 8, 9, 10, 12, 14, 15, 16, 17, 18, 20, 22]]
n:32 p:6 g:8 part:[[8, 32], [9, 31], [10, 30], [6, 11, 26, 29], [7, 12, 14, 15, 17, 18, 25, 28], [1, 2, 3, 4, 5, 13, 16, 19, 20, 21, 22, 23, 24, 27]]
n:32 p:6 g:24 part:[[24, 32], [25, 31], [26, 30], [4, 27, 28, 29], [1, 11, 13, 15, 17, 19, 21, 23], [2, 3, 5, 6, 7, 8, 9, 10, 12, 14, 16, 18, 20, 22]]
n:32 p:6 g:8 part:[[8, 32], [9, 31], [10, 30], [6, 11, 26, 29], [7, 12, 14, 15, 17, 18, 25, 28], [1, 2, 3, 4, 5, 13, 16, 19, 20, 21, 22, 23, 24, 27]]
n:32 p:6 g:24 part:[[24, 32], [25, 31], [26, 30], [4, 27, 28, 29], [1, 11, 13, 14, 15, 17, 18, 19, 21, 23], [2, 3, 5, 6, 7, 8, 9, 10, 12, 16, 20, 22]]
n:32 p:6 g:8 part:[[8, 32], [9, 31], [10, 30], [6, 11, 14, 18, 26, 29], [7, 12, 15, 17, 25, 28], [1, 2, 3, 4, 5, 13, 16, 19, 20, 21, 22, 23, 24, 27]]
n:32 p:6 g:24 part:[[24, 32], [25, 31], [26, 30], [4, 11, 21, 27, 28, 29], [1, 12, 14, 18, 20, 23], [2, 3, 5, 6, 7, 8, 9, 10, 13, 15, 16, 17, 19, 22]]
n:32 p:6 g:8 part:[[8, 32], [9, 31], [10, 30], [6, 11, 14, 18, 26, 29], [7, 12, 15, 17, 25, 28], [1, 2, 3, 4, 5, 13, 16, 19, 20, 21, 22, 23, 24, 27]]
n:32 p:6 g:24 part:[[24, 32], [25, 31], [26, 30], [4, 11, 21, 27, 28, 29], [1, 12, 14, 15, 17, 18, 20, 23], [2, 3, 5, 6, 7, 8, 9, 10, 13, 16, 19, 22]]
n:32 p:6 g:8 part:[[8, 32], [9, 31], [10, 30], [6, 11, 14, 18, 26, 29], [7, 12, 15, 17, 25, 28], [1, 2, 3, 4, 5, 13, 16, 19, 20, 21, 22, 23, 24, 27]]
n:32 p:6 g:24 part:[[24, 32], [25, 31], [26, 30], [4, 11, 21, 27, 28, 29], [1, 12, 14, 15, 17, 18, 20, 23], [2, 3, 5, 6, 7, 8, 9, 10, 13, 16, 19, 22]]
n:32 p:6 g:8 part:[[8, 32], [9, 31], [10, 30], [7, 12, 25, 28], [6, 11, 14, 15, 17, 18, 26, 29], [1, 2, 3, 4, 5, 13, 16, 19, 20, 21, 22, 23, 24, 27]]
n:32 p:6 g:24 part:[[24, 32], [25, 31], [26, 30], [4, 11, 13, 19, 21, 27, 28, 29], [1, 12, 14, 15, 17, 18, 20, 23], [2, 3, 5, 6, 7, 8, 9, 10, 16, 22]]
n:32 p:6 g:8 part:[[8, 32], [9, 31], [6, 10, 26, 30], [7, 11, 25, 29], [12, 14, 18, 28], [1, 2, 3, 4, 5, 13, 15, 16, 17, 19, 20, 21, 22, 23, 24, 27]]
n:32 p:6 g:24 part:[[24, 32], [25, 31], [4, 26, 28, 30], [11, 21, 27, 29], [1, 12, 20, 23], [2, 3, 5, 6, 7, 8, 9, 10, 13, 14, 15, 16, 17, 18, 19, 22]]
n:32 p:6 g:8 part:[[8, 32], [9, 31], [6, 10, 26, 30], [7, 11, 25, 29], [12, 14, 15, 17, 18, 28], [1, 2, 3, 4, 5, 13, 16, 19, 20, 21, 22, 23, 24, 27]]
n:32 p:6 g:24 part:[[24, 32], [25, 31], [4, 26, 28, 30], [11, 21, 27, 29], [1, 12, 14, 18, 20, 23], [2, 3, 5, 6, 7, 8, 9, 10, 13, 15, 16, 17, 19, 22]]
n:32 p:6 g:8 part:[[8, 32], [9, 31], [6, 10, 26, 30], [7, 11, 25, 29], [12, 14, 15, 17, 18, 28], [1, 2, 3, 4, 5, 13, 16, 19, 20, 21, 22, 23, 24, 27]]
n:32 p:6 g:24 part:[[24, 32], [25, 31], [4, 26, 28, 30], [11, 21, 27, 29], [1, 12, 14, 15, 17, 18, 20, 23], [2, 3, 5, 6, 7, 8, 9, 10, 13, 16, 19, 22]]
n:32 p:6 g:8 part:[[8, 32], [9, 31], [6, 10, 26, 30], [7, 11, 25, 29], [12, 14, 15, 17, 18, 28], [1, 2, 3, 4, 5, 13, 16, 19, 20, 21, 22, 23, 24, 27]]
n:32 p:6 g:24 part:[[24, 32], [25, 31], [4, 26, 28, 30], [11, 21, 27, 29], [1, 12, 14, 15, 17, 18, 20, 23], [2, 3, 5, 6, 7, 8, 9, 10, 13, 16, 19, 22]]
n:32 p:6 g:8 part:[[8, 32], [9, 31], [6, 10, 26, 30], [12, 14, 18, 28], [7, 11, 15, 17, 25, 29], [1, 2, 3, 4, 5, 13, 16, 19, 20, 21, 22, 23, 24, 27]]
n:32 p:6 g:24 part:[[24, 32], [25, 31], [4, 26, 28, 30], [11, 13, 19, 21, 27, 29], [1, 12, 15, 17, 20, 23], [2, 3, 5, 6, 7, 8, 9, 10, 14, 16, 18, 22]]
n:32 p:6 g:8 part:[[8, 32], [9, 31], [6, 10, 26, 30], [12, 14, 18, 28], [7, 11, 15, 17, 25, 29], [1, 2, 3, 4, 5, 13, 16, 19, 20, 21, 22, 23, 24, 27]]
n:32 p:6 g:24 part:[[24, 32], [25, 31], [4, 26, 28, 30], [11, 13, 19, 21, 27, 29], [1, 12, 14, 15, 17, 18, 20, 23], [2, 3, 5, 6, 7, 8, 9, 10, 16, 22]]
n:32 p:6 g:8 part:[[8, 32], [9, 31], [12, 28], [6, 10, 26, 30], [7, 11, 14, 15, 17, 18, 25, 29], [1, 2, 3, 4, 5, 13, 16, 19, 20, 21, 22, 23, 24, 27]]
n:32 p:6 g:24 part:[[24, 32], [25, 31], [4, 26, 28, 30], [1, 12, 14, 18, 20, 23], [11, 13, 15, 17, 19, 21, 27, 29], [2, 3, 5, 6, 7, 8, 9, 10, 16, 22]]
n:32 p:6 g:8 part:[[8, 32], [9, 31], [12, 28], [6, 10, 14, 18, 26, 30], [7, 11, 15, 17, 25, 29], [1, 2, 3, 4, 5, 13, 16, 19, 20, 21, 22, 23, 24, 27]]
n:32 p:6 g:24 part:[[24, 32], [25, 31], [4, 11, 21, 26, 28, 30], [12, 14, 18, 20, 27, 29], [1, 13, 15, 17, 19, 23], [2, 3, 5, 6, 7, 8, 9, 10, 16, 22]]
n:32 p:6 g:8 part:[[8, 32], [9, 31], [12, 28], [6, 10, 14, 18, 26, 30], [7, 11, 15, 17, 25, 29], [1, 2, 3, 4, 5, 13, 16, 19, 20, 21, 22, 23, 24, 27]]
n:32 p:6 g:24 part:[[24, 32], [25, 31], [4, 11, 21, 26, 28, 30], [12, 14, 18, 20, 27, 29], [1, 13, 15, 17, 19, 23], [2, 3, 5, 6, 7, 8, 9, 10, 16, 22]]
n:32 p:6 g:8 part:[[8, 32], [6, 9, 26, 31], [7, 10, 25, 30], [11, 14, 18, 29], [12, 15, 17, 28], [1, 2, 3, 4, 5, 13, 16, 19, 20, 21, 22, 23, 24, 27]]
n:32 p:6 g:24 part:[[24, 32], [4, 25, 28, 31], [11, 21, 26, 30], [12, 20, 27, 29], [1, 13, 19, 23], [2, 3, 5, 6, 7, 8, 9, 10, 14, 15, 16, 17, 18, 22]]
n:32 p:6 g:8 part:[[8, 32], [6, 9, 26, 31], [7, 10, 25, 30], [11, 14, 18, 29], [12, 15, 17, 28], [1, 2, 3, 4, 5, 13, 16, 19, 20, 21, 22, 23, 24, 27]]
n:32 p:6 g:24 part:[[24, 32], [4, 25, 28, 31], [11, 21, 26, 30], [12, 20, 27, 29], [1, 13, 15, 17, 19, 23], [2, 3, 5, 6, 7, 8, 9, 10, 14, 16, 18, 22]]
n:32 p:6 g:8 part:[[8, 32], [6, 9, 26, 31], [7, 10, 25, 30], [11, 14, 18, 29], [12, 15, 17, 28], [1, 2, 3, 4, 5, 13, 16, 19, 20, 21, 22, 23, 24, 27]]
n:32 p:6 g:24 part:[[24, 32], [4, 25, 28, 31], [11, 21, 26, 30], [12, 20, 27, 29], [1, 13, 14, 15, 17, 18, 19, 23], [2, 3, 5, 6, 7, 8, 9, 10, 16, 22]]
n:32 p:6 g:8 part:[[8, 32], [12, 28], [6, 9, 26, 31], [7, 10, 25, 30], [11, 14, 15, 17, 18, 29], [1, 2, 3, 4, 5, 13, 16, 19, 20, 21, 22, 23, 24, 27]]
n:32 p:6 g:24 part:[[24, 32], [4, 25, 28, 31], [11, 21, 26, 30], [12, 14, 18, 20, 27, 29], [1, 13, 15, 17, 19, 23], [2, 3, 5, 6, 7, 8, 9, 10, 16, 22]]
n:32 p:6 g:8 part:[[8, 32], [12, 28], [6, 9, 26, 31], [7, 10, 25, 30], [11, 14, 15, 17, 18, 29], [1, 2, 3, 4, 5, 13, 16, 19, 20, 21, 22, 23, 24, 27]]
n:32 p:6 g:24 part:[[24, 32], [4, 25, 28, 31], [11, 21, 26, 30], [12, 14, 18, 20, 27, 29], [1, 13, 15, 17, 19, 23], [2, 3, 5, 6, 7, 8, 9, 10, 16, 22]]
n:32 p:6 g:8 part:[[8, 32], [12, 28], [6, 9, 26, 31], [11, 14, 18, 29], [7, 10, 15, 17, 25, 30], [1, 2, 3, 4, 5, 13, 16, 19, 20, 21, 22, 23, 24, 27]]
n:32 p:6 g:24 part:[[24, 32], [4, 25, 28, 31], [1, 14, 18, 23], [11, 13, 19, 21, 26, 30], [12, 15, 17, 20, 27, 29], [2, 3, 5, 6, 7, 8, 9, 10, 16, 22]]
n:32 p:6 g:8 part:[[8, 32], [11, 29], [12, 28], [6, 9, 14, 18, 26, 31], [7, 10, 15, 17, 25, 30], [1, 2, 3, 4, 5, 13, 16, 19, 20, 21, 22, 23, 24, 27]]
n:32 p:6 g:24 part:[[24, 32], [1, 23], [4, 11, 21, 25, 28, 31], [12, 14, 18, 20, 26, 30], [13, 15, 17, 19, 27, 29], [2, 3, 5, 6, 7, 8, 9, 10, 16, 22]]
n:32 p:6 g:8 part:[[12, 28], [6, 8, 26, 32], [7, 9, 25, 31], [10, 14, 18, 30], [11, 15, 17, 29], [1, 2, 3, 4, 5, 13, 16, 19, 20, 21, 22, 23, 24, 27]]
n:32 p:6 g:24 part:[[4, 24, 28, 32], [11, 21, 25, 31], [12, 20, 26, 30], [13, 19, 27, 29], [1, 14, 18, 23], [2, 3, 5, 6, 7, 8, 9, 10, 15, 16, 17, 22]]
n:32 p:6 g:8 part:[[12, 28], [6, 8, 26, 32], [7, 9, 25, 31], [10, 14, 18, 30], [11, 15, 17, 29], [1, 2, 3, 4, 5, 13, 16, 19, 20, 21, 22, 23, 24, 27]]
n:32 p:6 g:24 part:[[4, 24, 28, 32], [11, 21, 25, 31], [12, 20, 26, 30], [13, 19, 27, 29], [1, 14, 15, 17, 18, 23], [2, 3, 5, 6, 7, 8, 9, 10, 16, 22]]
n:32 p:6 g:8 part:[[12, 28], [6, 8, 26, 32], [7, 9, 25, 31], [10, 14, 18, 30], [11, 15, 17, 29], [1, 2, 3, 4, 5, 13, 16, 19, 20, 21, 22, 23, 24, 27]]
n:32 p:6 g:24 part:[[4, 24, 28, 32], [11, 21, 25, 31], [12, 20, 26, 30], [13, 19, 27, 29], [1, 14, 15, 17, 18, 23], [2, 3, 5, 6, 7, 8, 9, 10, 16, 22]]
n:32 p:6 g:8 part:[[12, 28], [6, 8, 26, 32], [7, 9, 25, 31], [10, 14, 18, 30], [11, 15, 17, 29], [1, 2, 3, 4, 5, 13, 16, 19, 20, 21, 22, 23, 24, 27]]
n:32 p:6 g:24 part:[[4, 24, 28, 32], [11, 21, 25, 31], [12, 20, 26, 30], [1, 14, 18, 23], [13, 15, 17, 19, 27, 29], [2, 3, 5, 6, 7, 8, 9, 10, 16, 22]]
n:32 p:6 g:8 part:[[11, 29], [12, 28], [6, 8, 26, 32], [7, 9, 25, 31], [10, 14, 15, 17, 18, 30], [1, 2, 3, 4, 5, 13, 16, 19, 20, 21, 22, 23, 24, 27]]
n:32 p:6 g:24 part:[[1, 23], [4, 24, 28, 32], [11, 21, 25, 31], [12, 14, 18, 20, 26, 30], [13, 15, 17, 19, 27, 29], [2, 3, 5, 6, 7, 8, 9, 10, 16, 22]]
n:32 p:5 g:16 part:[[16, 32], [17, 31], [18, 30], [19, 29], [1, 2, 3, 4, 5, 6, 7, 8, 9, 10, 11, 12, 13, 14, 15, 20, 21, 22, 23, 24, 25, 26, 27, 28]]
n:32 p:5 g:16 part:[[16, 32], [17, 31], [18, 30], [5, 19, 27, 29], [1, 2, 3, 4, 6, 7, 8, 9, 10, 11, 12, 13, 14, 15, 20, 21, 22, 23, 24, 25, 26, 28]]
n:32 p:5 g:16 part:[[16, 32], [17, 31], [18, 30], [5, 7, 19, 25, 27, 29], [1, 2, 3, 4, 6, 8, 9, 10, 11, 12, 13, 14, 15, 20, 21, 22, 23, 24, 26, 28]]
n:32 p:5 g:16 part:[[16, 32], [17, 31], [18, 30], [5, 7, 9, 19, 23, 25, 27, 29], [1, 2, 3, 4, 6, 8, 10, 11, 12, 13, 14, 15, 20, 21, 22, 24, 26, 28]]
n:32 p:5 g:16 part:[[16, 32], [17, 31], [18, 30], [5, 7, 9, 11, 19, 21, 23, 25, 27, 29], [1, 2, 3, 4, 6, 8, 10, 12, 13, 14, 15, 20, 22, 24, 26, 28]]
n:32 p:5 g:16 part:[[16, 32], [17, 31], [18, 30], [5, 7, 9, 10, 11, 19, 21, 22, 23, 25, 27, 29], [1, 2, 3, 4, 6, 8, 12, 13, 14, 15, 20, 24, 26, 28]]
n:32 p:5 g:16 part:[[16, 32], [17, 31], [5, 18, 27, 30], [6, 19, 26, 29], [1, 2, 3, 4, 7, 8, 9, 10, 11, 12, 13, 14, 15, 20, 21, 22, 23, 24, 25, 28]]
n:32 p:5 g:16 part:[[16, 32], [17, 31], [5, 18, 27, 30], [6, 8, 19, 24, 26, 29], [1, 2, 3, 4, 7, 9, 10, 11, 12, 13, 14, 15, 20, 21, 22, 23, 25, 28]]
n:32 p:5 g:16 part:[[16, 32], [17, 31], [5, 18, 27, 30], [6, 8, 10, 19, 22, 24, 26, 29], [1, 2, 3, 4, 7, 9, 11, 12, 13, 14, 15, 20, 21, 23, 25, 28]]
n:32 p:5 g:16 part:[[16, 32], [17, 31], [5, 18, 27, 30], [6, 8, 10, 11, 19, 21, 22, 24, 26, 29], [1, 2, 3, 4, 7, 9, 12, 13, 14, 15, 20, 23, 25, 28]]
n:32 p:5 g:16 part:[[16, 32], [17, 31], [5, 18, 27, 30], [6, 8, 10, 11, 19, 21, 22, 24, 26, 29], [1, 2, 3, 4, 7, 9, 12, 13, 14, 15, 20, 23, 25, 28]]
n:32 p:5 g:16 part:[[16, 32], [17, 31], [5, 7, 18, 25, 27, 30], [6, 9, 19, 23, 26, 29], [1, 2, 3, 4, 8, 10, 11, 12, 13, 14, 15, 20, 21, 22, 24, 28]]
n:32 p:5 g:16 part:[[16, 32], [17, 31], [5, 7, 18, 25, 27, 30], [6, 9, 11, 19, 21, 23, 26, 29], [1, 2, 3, 4, 8, 10, 12, 13, 14, 15, 20, 22, 24, 28]]
n:32 p:5 g:16 part:[[16, 32], [17, 31], [5, 7, 18, 25, 27, 30], [6, 9, 10, 11, 19, 21, 22, 23, 26, 29], [1, 2, 3, 4, 8, 12, 13, 14, 15, 20, 24, 28]]
n:32 p:5 g:16 part:[[16, 32], [17, 31], [5, 7, 9, 18, 23, 25, 27, 30], [6, 10, 11, 19, 21, 22, 26, 29], [1, 2, 3, 4, 8, 12, 13, 14, 15, 20, 24, 28]]
n:32 p:5 g:16 part:[[16, 32], [17, 31], [5, 7, 9, 18, 23, 25, 27, 30], [6, 10, 11, 19, 21, 22, 26, 29], [1, 2, 3, 4, 8, 12, 13, 14, 15, 20, 24, 28]]
n:32 p:5 g:16 part:[[16, 32], [5, 17, 27, 31], [6, 18, 26, 30], [7, 19, 25, 29], [1, 2, 3, 4, 8, 9, 10, 11, 12, 13, 14, 15, 20, 21, 22, 23, 24, 28]]
n:32 p:5 g:16 part:[[16, 32], [5, 17, 27, 31], [6, 18, 26, 30], [7, 9, 19, 23, 25, 29], [1, 2, 3, 4, 8, 10, 11, 12, 13, 14, 15, 20, 21, 22, 24, 28]]
n:32 p:5 g:16 part:[[16, 32], [5, 17, 27, 31], [6, 18, 26, 30], [7, 9, 11, 19, 21, 23, 25, 29], [1, 2, 3, 4, 8, 10, 12, 13, 14, 15, 20, 22, 24, 28]]
n:32 p:5 g:16 part:[[16, 32], [5, 17, 27, 31], [6, 18, 26, 30], [7, 9, 10, 11, 19, 21, 22, 23, 25, 29], [1, 2, 3, 4, 8, 12, 13, 14, 15, 20, 24, 28]]
n:32 p:5 g:16 part:[[16, 32], [5, 17, 27, 31], [6, 8, 18, 24, 26, 30], [7, 10, 19, 22, 25, 29], [1, 2, 3, 4, 9, 11, 12, 13, 14, 15, 20, 21, 23, 28]]
n:32 p:5 g:16 part:[[16, 32], [5, 17, 27, 31], [6, 8, 18, 24, 26, 30], [7, 10, 11, 19, 21, 22, 25, 29], [1, 2, 3, 4, 9, 12, 13, 14, 15, 20, 23, 28]]
n:32 p:5 g:16 part:[[16, 32], [5, 17, 27, 31], [6, 8, 18, 24, 26, 30], [7, 10, 11, 19, 21, 22, 25, 29], [1, 2, 3, 4, 9, 12, 13, 14, 15, 20, 23, 28]]
n:32 p:5 g:16 part:[[16, 32], [5, 17, 27, 31], [6, 8, 10, 18, 22, 24, 26, 30], [7, 9, 11, 19, 21, 23, 25, 29], [1, 2, 3, 4, 12, 13, 14, 15, 20, 28]]
n:32 p:5 g:16 part:[[16, 32], [5, 7, 17, 25, 27, 31], [6, 9, 18, 23, 26, 30], [8, 11, 19, 21, 24, 29], [1, 2, 3, 4, 10, 12, 13, 14, 15, 20, 22, 28]]
n:32 p:5 g:16 part:[[16, 32], [5, 7, 17, 25, 27, 31], [6, 9, 18, 23, 26, 30], [8, 10, 11, 19, 21, 22, 24, 29], [1, 2, 3, 4, 12, 13, 14, 15, 20, 28]]
n:32 p:5 g:16 part:[[16, 32], [5, 7, 17, 25, 27, 31], [8, 10, 19, 22, 24, 29], [6, 9, 11, 18, 21, 23, 26, 30], [1, 2, 3, 4, 12, 13, 14, 15, 20, 28]]
n:32 p:5 g:16 part:[[5, 16, 27, 32], [6, 17, 26, 31], [7, 18, 25, 30], [8, 19, 24, 29], [1, 2, 3, 4, 9, 10, 11, 12, 13, 14, 15, 20, 21, 22, 23, 28]]
n:32 p:5 g:16 part:[[5, 16, 27, 32], [6, 17, 26, 31], [7, 18, 25, 30], [8, 10, 19, 22, 24, 29], [1, 2, 3, 4, 9, 11, 12, 13, 14, 15, 20, 21, 23, 28]]
n:32 p:5 g:16 part:[[5, 16, 27, 32], [6, 17, 26, 31], [7, 18, 25, 30], [8, 10, 11, 19, 21, 22, 24, 29], [1, 2, 3, 4, 9, 12, 13, 14, 15, 20, 23, 28]]
n:32 p:5 g:16 part:[[5, 16, 27, 32], [6, 17, 26, 31], [7, 18, 25, 30], [8, 10, 11, 19, 21, 22, 24, 29], [1, 2, 3, 4, 9, 12, 13, 14, 15, 20, 23, 28]]
n:32 p:5 g:16 part:[[5, 16, 27, 32], [6, 17, 26, 31], [7, 9, 18, 23, 25, 30], [8, 11, 19, 21, 24, 29], [1, 2, 3, 4, 10, 12, 13, 14, 15, 20, 22, 28]]
n:32 p:5 g:16 part:[[5, 16, 27, 32], [6, 17, 26, 31], [7, 9, 18, 23, 25, 30], [8, 10, 11, 19, 21, 22, 24, 29], [1, 2, 3, 4, 12, 13, 14, 15, 20, 28]]
n:32 p:5 g:16 part:[[5, 16, 27, 32], [6, 17, 26, 31], [8, 10, 19, 22, 24, 29], [7, 9, 11, 18, 21, 23, 25, 30], [1, 2, 3, 4, 12, 13, 14, 15, 20, 28]]
n:32 p:5 g:16 part:[[5, 16, 27, 32], [6, 8, 17, 24, 26, 31], [7, 10, 18, 22, 25, 30], [9, 11, 19, 21, 23, 29], [1, 2, 3, 4, 12, 13, 14, 15, 20, 28]]
n:32 p:5 g:16 part:[[5, 16, 27, 32], [6, 8, 17, 24, 26, 31], [7, 10, 18, 22, 25, 30], [9, 11, 19, 21, 23, 29], [1, 2, 3, 4, 12, 13, 14, 15, 20, 28]]
n:32 p:5 g:16 part:[[10, 19, 22, 29], [5, 7, 16, 25, 27, 32], [6, 9, 17, 23, 26, 31], [8, 11, 18, 21, 24, 30], [1, 2, 3, 4, 12, 13, 14, 15, 20, 28]]
n:32 p:4 g:4 part:[[4, 32], [5, 31], [6, 30], [1, 2, 3, 7, 8, 9, 10, 11, 12, 13, 14, 15, 16, 17, 18, 19, 20, 21, 22, 23, 24, 25, 26, 27, 28, 29]]
n:32 p:4 g:12 part:[[12, 32], [13, 31], [14, 30], [1, 2, 3, 4, 5, 6, 7, 8, 9, 10, 11, 15, 16, 17, 18, 19, 20, 21, 22, 23, 24, 25, 26, 27, 28, 29]]
n:32 p:4 g:20 part:[[20, 32], [21, 31], [22, 30], [1, 2, 3, 4, 5, 6, 7, 8, 9, 10, 11, 12, 13, 14, 15, 16, 17, 18, 19, 23, 24, 25, 26, 27, 28, 29]]
n:32 p:4 g:28 part:[[28, 32], [29, 31], [1, 27], [2, 3, 4, 5, 6, 7, 8, 9, 10, 11, 12, 13, 14, 15, 16, 17, 18, 19, 20, 21, 22, 23, 24, 25, 26, 30]]
n:32 p:4 g:4 part:[[4, 32], [5, 31], [6, 8, 24, 30], [1, 2, 3, 7, 9, 10, 11, 12, 13, 14, 15, 16, 17, 18, 19, 20, 21, 22, 23, 25, 26, 27, 28, 29]]
n:32 p:4 g:12 part:[[12, 32], [13, 31], [4, 14, 28, 30], [1, 2, 3, 5, 6, 7, 8, 9, 10, 11, 15, 16, 17, 18, 19, 20, 21, 22, 23, 24, 25, 26, 27, 29]]
n:32 p:4 g:20 part:[[20, 32], [21, 31], [4, 22, 28, 30], [1, 2, 3, 5, 6, 7, 8, 9, 10, 11, 12, 13, 14, 15, 16, 17, 18, 19, 23, 24, 25, 26, 27, 29]]
n:32 p:4 g:28 part:[[28, 32], [29, 31], [1, 7, 25, 27], [2, 3, 4, 5, 6, 8, 9, 10, 11, 12, 13, 14, 15, 16, 17, 18, 19, 20, 21, 22, 23, 24, 26, 30]]
n:32 p:4 g:4 part:[[4, 32], [5, 31], [6, 8, 10, 22, 24, 30], [1, 2, 3, 7, 9, 11, 12, 13, 14, 15, 16, 17, 18, 19, 20, 21, 23, 25, 26, 27, 28, 29]]
n:32 p:4 g:12 part:[[12, 32], [13, 31], [4, 6, 14, 26, 28, 30], [1, 2, 3, 5, 7, 8, 9, 10, 11, 15, 16, 17, 18, 19, 20, 21, 22, 23, 24, 25, 27, 29]]
n:32 p:4 g:20 part:[[20, 32], [21, 31], [4, 6, 22, 26, 28, 30], [1, 2, 3, 5, 7, 8, 9, 10, 11, 12, 13, 14, 15, 16, 17, 18, 19, 23, 24, 25, 27, 29]]
n:32 p:4 g:28 part:[[28, 32], [29, 31], [1, 7, 9, 23, 25, 27], [2, 3, 4, 5, 6, 8, 10, 11, 12, 13, 14, 15, 16, 17, 18, 19, 20, 21, 22, 24, 26, 30]]
n:32 p:4 g:4 part:[[4, 32], [5, 31], [6, 8, 10, 12, 20, 22, 24, 30], [1, 2, 3, 7, 9, 11, 13, 14, 15, 16, 17, 18, 19, 21, 23, 25, 26, 27, 28, 29]]
n:32 p:4 g:12 part:[[12, 32], [13, 31], [4, 6, 8, 14, 24, 26, 28, 30], [1, 2, 3, 5, 7, 9, 10, 11, 15, 16, 17, 18, 19, 20, 21, 22, 23, 25, 27, 29]]
n:32 p:4 g:20 part:[[20, 32], [21, 31], [4, 6, 8, 22, 24, 26, 28, 30], [1, 2, 3, 5, 7, 9, 10, 11, 12, 13, 14, 15, 16, 17, 18, 19, 23, 25, 27, 29]]
n:32 p:4 g:28 part:[[28, 32], [29, 31], [1, 7, 9, 11, 21, 23, 25, 27], [2, 3, 4, 5, 6, 8, 10, 12, 13, 14, 15, 16, 17, 18, 19, 20, 22, 24, 26, 30]]
n:32 p:4 g:4 part:[[4, 32], [5, 31], [6, 8, 10, 12, 14, 18, 20, 22, 24, 30], [1, 2, 3, 7, 9, 11, 13, 15, 16, 17, 19, 21, 23, 25, 26, 27, 28, 29]]
n:32 p:4 g:12 part:[[12, 32], [13, 31], [4, 6, 8, 10, 14, 22, 24, 26, 28, 30], [1, 2, 3, 5, 7, 9, 11, 15, 16, 17, 18, 19, 20, 21, 23, 25, 27, 29]]
n:32 p:4 g:20 part:[[20, 32], [21, 31], [4, 6, 8, 13, 19, 22, 24, 26, 28, 30], [1, 2, 3, 5, 7, 9, 10, 11, 12, 14, 15, 16, 17, 18, 23, 25, 27, 29]]
n:32 p:4 g:28 part:[[28, 32], [29, 31], [1, 7, 9, 11, 13, 19, 21, 23, 25, 27], [2, 3, 4, 5, 6, 8, 10, 12, 14, 15, 16, 17, 18, 20, 22, 24, 26, 30]]
n:32 p:4 g:4 part:[[4, 32], [5, 31], [6, 8, 10, 12, 14, 15, 17, 18, 20, 22, 24, 30], [1, 2, 3, 7, 9, 11, 13, 16, 19, 21, 23, 25, 26, 27, 28, 29]]
n:32 p:4 g:12 part:[[12, 32], [13, 31], [4, 6, 8, 10, 11, 14, 21, 22, 24, 26, 28, 30], [1, 2, 3, 5, 7, 9, 15, 16, 17, 18, 19, 20, 23, 25, 27, 29]]
n:32 p:4 g:20 part:[[20, 32], [21, 31], [4, 6, 8, 13, 15, 17, 19, 22, 24, 26, 28, 30], [1, 2, 3, 5, 7, 9, 10, 11, 12, 14, 16, 18, 23, 25, 27, 29]]
n:32 p:4 g:28 part:[[28, 32], [29, 31], [1, 7, 9, 11, 13, 15, 17, 19, 21, 23, 25, 27], [2, 3, 4, 5, 6, 8, 10, 12, 14, 16, 18, 20, 22, 24, 26, 30]]
n:32 p:4 g:4 part:[[4, 32], [5, 31], [6, 8, 9, 10, 12, 14, 15, 17, 18, 20, 22, 23, 24, 30], [1, 2, 3, 7, 11, 13, 16, 19, 21, 25, 26, 27, 28, 29]]
n:32 p:4 g:12 part:[[12, 32], [13, 31], [4, 5, 6, 8, 10, 11, 14, 21, 22, 24, 26, 27, 28, 30], [1, 2, 3, 7, 9, 15, 16, 17, 18, 19, 20, 23, 25, 29]]
n:32 p:4 g:20 part:[[20, 32], [21, 31], [4, 6, 8, 13, 14, 15, 17, 18, 19, 22, 24, 26, 28, 30], [1, 2, 3, 5, 7, 9, 10, 11, 12, 16, 23, 25, 27, 29]]
n:32 p:4 g:28 part:[[28, 32], [29, 31], [1, 7, 9, 11, 13, 14, 15, 17, 18, 19, 21, 23, 25, 27], [2, 3, 4, 5, 6, 8, 10, 12, 16, 20, 22, 24, 26, 30]]
n:32 p:4 g:4 part:[[4, 32], [5, 8, 24, 31], [6, 9, 23, 30], [1, 2, 3, 7, 10, 11, 12, 13, 14, 15, 16, 17, 18, 19, 20, 21, 22, 25, 26, 27, 28, 29]]
n:32 p:4 g:12 part:[[12, 32], [4, 13, 28, 31], [5, 14, 27, 30], [1, 2, 3, 6, 7, 8, 9, 10, 11, 15, 16, 17, 18, 19, 20, 21, 22, 23, 24, 25, 26, 29]]
n:32 p:4 g:20 part:[[20, 32], [4, 21, 28, 31], [5, 22, 27, 30], [1, 2, 3, 6, 7, 8, 9, 10, 11, 12, 13, 14, 15, 16, 17, 18, 19, 23, 24, 25, 26, 29]]
n:32 p:4 g:28 part:[[28, 32], [7, 25, 29, 31], [1, 8, 24, 27], [2, 3, 4, 5, 6, 9, 10, 11, 12, 13, 14, 15, 16, 17, 18, 19, 20, 21, 22, 23, 26, 30]]
n:32 p:4 g:4 part:[[4, 32], [5, 8, 24, 31], [6, 9, 11, 21, 23, 30], [1, 2, 3, 7, 10, 12, 13, 14, 15, 16, 17, 18, 19, 20, 22, 25, 26, 27, 28, 29]]
n:32 p:4 g:12 part:[[12, 32], [4, 13, 28, 31], [5, 7, 14, 25, 27, 30], [1, 2, 3, 6, 8, 9, 10, 11, 15, 16, 17, 18, 19, 20, 21, 22, 23, 24, 26, 29]]
n:32 p:4 g:20 part:[[20, 32], [4, 21, 28, 31], [5, 7, 22, 25, 27, 30], [1, 2, 3, 6, 8, 9, 10, 11, 12, 13, 14, 15, 16, 17, 18, 19, 23, 24, 26, 29]]
n:32 p:4 g:28 part:[[28, 32], [7, 25, 29, 31], [1, 8, 10, 22, 24, 27], [2, 3, 4, 5, 6, 9, 11, 12, 13, 14, 15, 16, 17, 18, 19, 20, 21, 23, 26, 30]]
n:32 p:4 g:4 part:[[4, 32], [5, 8, 24, 31], [6, 9, 11, 13, 19, 21, 23, 30], [1, 2, 3, 7, 10, 12, 14, 15, 16, 17, 18, 20, 22, 25, 26, 27, 28, 29]]
n:32 p:4 g:12 part:[[12, 32], [4, 13, 28, 31], [5, 7, 9, 14, 23, 25, 27, 30], [1, 2, 3, 6, 8, 10, 11, 15, 16, 17, 18, 19, 20, 21, 22, 24, 26, 29]]
n:32 p:4 g:20 part:[[20, 32], [4, 21, 28, 31], [5, 7, 13, 19, 22, 25, 27, 30], [1, 2, 3, 6, 8, 9, 10, 11, 12, 14, 15, 16, 17, 18, 23, 24, 26, 29]]
n:32 p:4 g:28 part:[[28, 32], [7, 25, 29, 31], [1, 8, 10, 12, 20, 22, 24, 27], [2, 3, 4, 5, 6, 9, 11, 13, 14, 15, 16, 17, 18, 19, 21, 23, 26, 30]]
n:32 p:4 g:4 part:[[4, 32], [5, 8, 24, 31], [6, 9, 11, 13, 15, 17, 19, 21, 23, 30], [1, 2, 3, 7, 10, 12, 14, 16, 18, 20, 22, 25, 26, 27, 28, 29]]
n:32 p:4 g:12 part:[[12, 32], [4, 13, 28, 31], [5, 7, 9, 11, 14, 21, 23, 25, 27, 30], [1, 2, 3, 6, 8, 10, 15, 16, 17, 18, 19, 20, 22, 24, 26, 29]]
n:32 p:4 g:20 part:[[20, 32], [4, 21, 28, 31], [5, 7, 13, 15, 17, 19, 22, 25, 27, 30], [1, 2, 3, 6, 8, 9, 10, 11, 12, 14, 16, 18, 23, 24, 26, 29]]
n:32 p:4 g:28 part:[[28, 32], [7, 25, 29, 31], [1, 8, 10, 12, 14, 18, 20, 22, 24, 27], [2, 3, 4, 5, 6, 9, 11, 13, 15, 16, 17, 19, 21, 23, 26, 30]]
n:32 p:4 g:4 part:[[4, 32], [5, 8, 24, 31], [6, 9, 11, 13, 14, 15, 17, 18, 19, 21, 23, 30], [1, 2, 3, 7, 10, 12, 16, 20, 22, 25, 26, 27, 28, 29]]
n:32 p:4 g:12 part:[[12, 32], [4, 13, 28, 31], [5, 7, 9, 10, 11, 14, 21, 22, 23, 25, 27, 30], [1, 2, 3, 6, 8, 15, 16, 17, 18, 19, 20, 24, 26, 29]]
n:32 p:4 g:20 part:[[20, 32], [4, 21, 28, 31], [5, 7, 13, 14, 15, 17, 18, 19, 22, 25, 27, 30], [1, 2, 3, 6, 8, 9, 10, 11, 12, 16, 23, 24, 26, 29]]
n:32 p:4 g:28 part:[[28, 32], [7, 25, 29, 31], [1, 8, 10, 12, 14, 15, 17, 18, 20, 22, 24, 27], [2, 3, 4, 5, 6, 9, 11, 13, 16, 19, 21, 23, 26, 30]]
n:32 p:4 g:4 part:[[4, 32], [5, 8, 10, 22, 24, 31], [6, 9, 12, 20, 23, 30], [1, 2, 3, 7, 11, 13, 14, 15, 16, 17, 18, 19, 21, 25, 26, 27, 28, 29]]
n:32 p:4 g:12 part:[[12, 32], [4, 6, 13, 26, 28, 31], [5, 8, 14, 24, 27, 30], [1, 2, 3, 7, 9, 10, 11, 15, 16, 17, 18, 19, 20, 21, 22, 23, 25, 29]]
n:32 p:4 g:20 part:[[20, 32], [4, 6, 21, 26, 28, 31], [5, 8, 22, 24, 27, 30], [1, 2, 3, 7, 9, 10, 11, 12, 13, 14, 15, 16, 17, 18, 19, 23, 25, 29]]
n:32 p:4 g:28 part:[[28, 32], [7, 9, 23, 25, 29, 31], [1, 8, 11, 21, 24, 27], [2, 3, 4, 5, 6, 10, 12, 13, 14, 15, 16, 17, 18, 19, 20, 22, 26, 30]]
n:32 p:4 g:4 part:[[4, 32], [5, 8, 10, 22, 24, 31], [6, 9, 12, 14, 18, 20, 23, 30], [1, 2, 3, 7, 11, 13, 15, 16, 17, 19, 21, 25, 26, 27, 28, 29]]
n:32 p:4 g:12 part:[[12, 32], [4, 6, 13, 26, 28, 31], [5, 8, 10, 14, 22, 24, 27, 30], [1, 2, 3, 7, 9, 11, 15, 16, 17, 18, 19, 20, 21, 23, 25, 29]]
n:32 p:4 g:20 part:[[20, 32], [4, 6, 21, 26, 28, 31], [5, 8, 13, 19, 22, 24, 27, 30], [1, 2, 3, 7, 9, 10, 11, 12, 14, 15, 16, 17, 18, 23, 25, 29]]
n:32 p:4 g:28 part:[[28, 32], [7, 9, 23, 25, 29, 31], [1, 8, 11, 13, 19, 21, 24, 27], [2, 3, 4, 5, 6, 10, 12, 14, 15, 16, 17, 18, 20, 22, 26, 30]]
n:32 p:4 g:4 part:[[4, 32], [5, 8, 10, 22, 24, 31], [6, 9, 12, 14, 15, 17, 18, 20, 23, 30], [1, 2, 3, 7, 11, 13, 16, 19, 21, 25, 26, 27, 28, 29]]
n:32 p:4 g:12 part:[[12, 32], [4, 6, 13, 26, 28, 31], [5, 8, 10, 11, 14, 21, 22, 24, 27, 30], [1, 2, 3, 7, 9, 15, 16, 17, 18, 19, 20, 23, 25, 29]]
n:32 p:4 g:20 part:[[20, 32], [4, 6, 21, 26, 28, 31], [5, 8, 13, 15, 17, 19, 22, 24, 27, 30], [1, 2, 3, 7, 9, 10, 11, 12, 14, 16, 18, 23, 25, 29]]
n:32 p:4 g:28 part:[[28, 32], [7, 9, 23, 25, 29, 31], [1, 8, 11, 13, 15, 17, 19, 21, 24, 27], [2, 3, 4, 5, 6, 10, 12, 14, 16, 18, 20, 22, 26, 30]]
n:32 p:4 g:4 part:[[4, 32], [5, 8, 10, 22, 24, 31], [6, 9, 12, 14, 15, 17, 18, 20, 23, 30], [1, 2, 3, 7, 11, 13, 16, 19, 21, 25, 26, 27, 28, 29]]
n:32 p:4 g:12 part:[[12, 32], [4, 6, 13, 26, 28, 31], [5, 8, 10, 11, 14, 21, 22, 24, 27, 30], [1, 2, 3, 7, 9, 15, 16, 17, 18, 19, 20, 23, 25, 29]]
n:32 p:4 g:20 part:[[20, 32], [4, 6, 21, 26, 28, 31], [5, 8, 13, 14, 15, 17, 18, 19, 22, 24, 27, 30], [1, 2, 3, 7, 9, 10, 11, 12, 16, 23, 25, 29]]
n:32 p:4 g:28 part:[[28, 32], [7, 9, 23, 25, 29, 31], [1, 8, 11, 13, 14, 15, 17, 18, 19, 21, 24, 27], [2, 3, 4, 5, 6, 10, 12, 16, 20, 22, 26, 30]]
n:32 p:4 g:4 part:[[4, 32], [5, 8, 10, 12, 20, 22, 24, 31], [6, 9, 13, 15, 17, 19, 23, 30], [1, 2, 3, 7, 11, 14, 16, 18, 21, 25, 26, 27, 28, 29]]
n:32 p:4 g:12 part:[[12, 32], [4, 6, 8, 13, 24, 26, 28, 31], [5, 9, 11, 14, 21, 23, 27, 30], [1, 2, 3, 7, 10, 15, 16, 17, 18, 19, 20, 22, 25, 29]]
n:32 p:4 g:20 part:[[20, 32], [4, 6, 8, 21, 24, 26, 28, 31], [5, 13, 15, 17, 19, 22, 27, 30], [1, 2, 3, 7, 9, 10, 11, 12, 14, 16, 18, 23, 25, 29]]
n:32 p:4 g:28 part:[[28, 32], [7, 9, 11, 21, 23, 25, 29, 31], [1, 8, 12, 14, 18, 20, 24, 27], [2, 3, 4, 5, 6, 10, 13, 15, 16, 17, 19, 22, 26, 30]]
n:32 p:4 g:4 part:[[4, 32], [5, 8, 10, 12, 20, 22, 24, 31], [6, 9, 13, 14, 15, 17, 18, 19, 23, 30], [1, 2, 3, 7, 11, 16, 21, 25, 26, 27, 28, 29]]
n:32 p:4 g:12 part:[[12, 32], [4, 6, 8, 13, 24, 26, 28, 31], [5, 9, 10, 11, 14, 21, 22, 23, 27, 30], [1, 2, 3, 7, 15, 16, 17, 18, 19, 20, 25, 29]]
n:32 p:4 g:20 part:[[20, 32], [4, 6, 8, 21, 24, 26, 28, 31], [5, 13, 14, 15, 17, 18, 19, 22, 27, 30], [1, 2, 3, 7, 9, 10, 11, 12, 16, 23, 25, 29]]
n:32 p:4 g:28 part:[[28, 32], [7, 9, 11, 21, 23, 25, 29, 31], [1, 8, 12, 14, 15, 17, 18, 20, 24, 27], [2, 3, 4, 5, 6, 10, 13, 16, 19, 22, 26, 30]]
n:32 p:4 g:4 part:[[4, 32], [6, 9, 13, 15, 17, 19, 23, 30], [5, 8, 10, 12, 14, 18, 20, 22, 24, 31], [1, 2, 3, 7, 11, 16, 21, 25, 26, 27, 28, 29]]
n:32 p:4 g:12 part:[[12, 32], [5, 9, 11, 14, 21, 23, 27, 30], [4, 6, 8, 10, 13, 22, 24, 26, 28, 31], [1, 2, 3, 7, 15, 16, 17, 18, 19, 20, 25, 29]]
n:32 p:4 g:20 part:[[20, 32], [5, 14, 15, 17, 18, 22, 27, 30], [4, 6, 8, 13, 19, 21, 24, 26, 28, 31], [1, 2, 3, 7, 9, 10, 11, 12, 16, 23, 25, 29]]
n:32 p:4 g:28 part:[[28, 32], [7, 9, 11, 13, 19, 21, 23, 25, 29, 31], [1, 8, 12, 14, 15, 17, 18, 20, 24, 27], [2, 3, 4, 5, 6, 10, 16, 22, 26, 30]]
n:32 p:4 g:4 part:[[4, 8, 24, 32], [5, 9, 23, 31], [6, 10, 22, 30], [1, 2, 3, 7, 11, 12, 13, 14, 15, 16, 17, 18, 19, 20, 21, 25, 26, 27, 28, 29]]
n:32 p:4 g:12 part:[[4, 12, 28, 32], [5, 13, 27, 31], [6, 14, 26, 30], [1, 2, 3, 7, 8, 9, 10, 11, 15, 16, 17, 18, 19, 20, 21, 22, 23, 24, 25, 29]]
n:32 p:4 g:20 part:[[4, 20, 28, 32], [5, 21, 27, 31], [6, 22, 26, 30], [1, 2, 3, 7, 8, 9, 10, 11, 12, 13, 14, 15, 16, 17, 18, 19, 23, 24, 25, 29]]
n:32 p:4 g:28 part:[[7, 25, 28, 32], [8, 24, 29, 31], [1, 9, 23, 27], [2, 3, 4, 5, 6, 10, 11, 12, 13, 14, 15, 16, 17, 18, 19, 20, 21, 22, 26, 30]]
n:32 p:4 g:4 part:[[4, 8, 24, 32], [5, 9, 23, 31], [6, 10, 12, 20, 22, 30], [1, 2, 3, 7, 11, 13, 14, 15, 16, 17, 18, 19, 21, 25, 26, 27, 28, 29]]
n:32 p:4 g:12 part:[[4, 12, 28, 32], [5, 13, 27, 31], [6, 8, 14, 24, 26, 30], [1, 2, 3, 7, 9, 10, 11, 15, 16, 17, 18, 19, 20, 21, 22, 23, 25, 29]]
n:32 p:4 g:20 part:[[4, 20, 28, 32], [5, 21, 27, 31], [6, 8, 22, 24, 26, 30], [1, 2, 3, 7, 9, 10, 11, 12, 13, 14, 15, 16, 17, 18, 19, 23, 25, 29]]
n:32 p:4 g:28 part:[[7, 25, 28, 32], [8, 24, 29, 31], [1, 9, 11, 21, 23, 27], [2, 3, 4, 5, 6, 10, 12, 13, 14, 15, 16, 17, 18, 19, 20, 22, 26, 30]]
n:32 p:4 g:4 part:[[4, 8, 24, 32], [5, 9, 23, 31], [6, 10, 12, 14, 18, 20, 22, 30], [1, 2, 3, 7, 11, 13, 15, 16, 17, 19, 21, 25, 26, 27, 28, 29]]
n:32 p:4 g:12 part:[[4, 12, 28, 32], [5, 13, 27, 31], [6, 8, 10, 14, 22, 24, 26, 30], [1, 2, 3, 7, 9, 11, 15, 16, 17, 18, 19, 20, 21, 23, 25, 29]]
n:32 p:4 g:20 part:[[4, 20, 28, 32], [5, 21, 27, 31], [6, 8, 13, 19, 22, 24, 26, 30], [1, 2, 3, 7, 9, 10, 11, 12, 14, 15, 16, 17, 18, 23, 25, 29]]
n:32 p:4 g:28 part:[[7, 25, 28, 32], [8, 24, 29, 31], [1, 9, 11, 13, 19, 21, 23, 27], [2, 3, 4, 5, 6, 10, 12, 14, 15, 16, 17, 18, 20, 22, 26, 30]]
n:32 p:4 g:4 part:[[4, 8, 24, 32], [5, 9, 23, 31], [6, 10, 12, 14, 15, 17, 18, 20, 22, 30], [1, 2, 3, 7, 11, 13, 16, 19, 21, 25, 26, 27, 28, 29]]
n:32 p:4 g:12 part:[[4, 12, 28, 32], [5, 13, 27, 31], [6, 8, 10, 11, 14, 21, 22, 24, 26, 30], [1, 2, 3, 7, 9, 15, 16, 17, 18, 19, 20, 23, 25, 29]]
n:32 p:4 g:20 part:[[4, 20, 28, 32], [5, 21, 27, 31], [6, 8, 13, 15, 17, 19, 22, 24, 26, 30], [1, 2, 3, 7, 9, 10, 11, 12, 14, 16, 18, 23, 25, 29]]
n:32 p:4 g:28 part:[[7, 25, 28, 32], [8, 24, 29, 31], [1, 9, 11, 13, 15, 17, 19, 21, 23, 27], [2, 3, 4, 5, 6, 10, 12, 14, 16, 18, 20, 22, 26, 30]]
n:32 p:4 g:4 part:[[4, 8, 24, 32], [5, 9, 23, 31], [6, 10, 12, 14, 15, 17, 18, 20, 22, 30], [1, 2, 3, 7, 11, 13, 16, 19, 21, 25, 26, 27, 28, 29]]
n:32 p:4 g:12 part:[[4, 12, 28, 32], [5, 13, 27, 31], [6, 8, 10, 11, 14, 21, 22, 24, 26, 30], [1, 2, 3, 7, 9, 15, 16, 17, 18, 19, 20, 23, 25, 29]]
n:32 p:4 g:20 part:[[4, 20, 28, 32], [5, 21, 27, 31], [6, 8, 13, 14, 15, 17, 18, 19, 22, 24, 26, 30], [1, 2, 3, 7, 9, 10, 11, 12, 16, 23, 25, 29]]
n:32 p:4 g:28 part:[[7, 25, 28, 32], [8, 24, 29, 31], [1, 9, 11, 13, 14, 15, 17, 18, 19, 21, 23, 27], [2, 3, 4, 5, 6, 10, 12, 16, 20, 22, 26, 30]]
n:32 p:4 g:4 part:[[4, 8, 24, 32], [5, 9, 11, 21, 23, 31], [6, 10, 13, 19, 22, 30], [1, 2, 3, 7, 12, 14, 15, 16, 17, 18, 20, 25, 26, 27, 28, 29]]
n:32 p:4 g:12 part:[[4, 12, 28, 32], [5, 7, 13, 25, 27, 31], [6, 9, 14, 23, 26, 30], [1, 2, 3, 8, 10, 11, 15, 16, 17, 18, 19, 20, 21, 22, 24, 29]]
n:32 p:4 g:20 part:[[4, 20, 28, 32], [5, 7, 21, 25, 27, 31], [6, 13, 19, 22, 26, 30], [1, 2, 3, 8, 9, 10, 11, 12, 14, 15, 16, 17, 18, 23, 24, 29]]
n:32 p:4 g:28 part:[[7, 25, 28, 32], [8, 10, 22, 24, 29, 31], [1, 9, 12, 20, 23, 27], [2, 3, 4, 5, 6, 11, 13, 14, 15, 16, 17, 18, 19, 21, 26, 30]]
n:32 p:4 g:4 part:[[4, 8, 24, 32], [5, 9, 11, 21, 23, 31], [6, 10, 13, 15, 17, 19, 22, 30], [1, 2, 3, 7, 12, 14, 16, 18, 20, 25, 26, 27, 28, 29]]
n:32 p:4 g:12 part:[[4, 12, 28, 32], [5, 7, 13, 25, 27, 31], [6, 9, 11, 14, 21, 23, 26, 30], [1, 2, 3, 8, 10, 15, 16, 17, 18, 19, 20, 22, 24, 29]]
n:32 p:4 g:20 part:[[4, 20, 28, 32], [5, 7, 21, 25, 27, 31], [6, 13, 15, 17, 19, 22, 26, 30], [1, 2, 3, 8, 9, 10, 11, 12, 14, 16, 18, 23, 24, 29]]
n:32 p:4 g:28 part:[[7, 25, 28, 32], [8, 10, 22, 24, 29, 31], [1, 9, 12, 14, 18, 20, 23, 27], [2, 3, 4, 5, 6, 11, 13, 15, 16, 17, 19, 21, 26, 30]]
n:32 p:4 g:4 part:[[4, 8, 24, 32], [5, 9, 11, 21, 23, 31], [6, 10, 13, 14, 15, 17, 18, 19, 22, 30], [1, 2, 3, 7, 12, 16, 20, 25, 26, 27, 28, 29]]
n:32 p:4 g:12 part:[[4, 12, 28, 32], [5, 7, 13, 25, 27, 31], [6, 9, 10, 11, 14, 21, 22, 23, 26, 30], [1, 2, 3, 8, 15, 16, 17, 18, 19, 20, 24, 29]]
n:32 p:4 g:20 part:[[4, 20, 28, 32], [5, 7, 21, 25, 27, 31], [6, 13, 14, 15, 17, 18, 19, 22, 26, 30], [1, 2, 3, 8, 9, 10, 11, 12, 16, 23, 24, 29]]
n:32 p:4 g:28 part:[[7, 25, 28, 32], [8, 10, 22, 24, 29, 31], [1, 9, 12, 14, 15, 17, 18, 20, 23, 27], [2, 3, 4, 5, 6, 11, 13, 16, 19, 21, 26, 30]]
n:32 p:4 g:4 part:[[4, 8, 24, 32], [5, 9, 11, 13, 19, 21, 23, 31], [6, 10, 14, 15, 17, 18, 22, 30], [1, 2, 3, 7, 12, 16, 20, 25, 26, 27, 28, 29]]
n:32 p:4 g:12 part:[[4, 12, 28, 32], [5, 7, 9, 13, 23, 25, 27, 31], [6, 10, 11, 14, 21, 22, 26, 30], [1, 2, 3, 8, 15, 16, 17, 18, 19, 20, 24, 29]]
n:32 p:4 g:20 part:[[4, 20, 28, 32], [5, 7, 13, 19, 21, 25, 27, 31], [6, 14, 15, 17, 18, 22, 26, 30], [1, 2, 3, 8, 9, 10, 11, 12, 16, 23, 24, 29]]
n:32 p:4 g:28 part:[[7, 25, 28, 32], [8, 10, 12, 20, 22, 24, 29, 31], [1, 9, 13, 15, 17, 19, 23, 27], [2, 3, 4, 5, 6, 11, 14, 16, 18, 21, 26, 30]]
n:32 p:4 g:4 part:[[4, 8, 24, 32], [5, 9, 11, 13, 19, 21, 23, 31], [6, 10, 14, 15, 17, 18, 22, 30], [1, 2, 3, 7, 12, 16, 20, 25, 26, 27, 28, 29]]
n:32 p:4 g:12 part:[[4, 12, 28, 32], [5, 7, 9, 13, 23, 25, 27, 31], [6, 10, 11, 14, 21, 22, 26, 30], [1, 2, 3, 8, 15, 16, 17, 18, 19, 20, 24, 29]]
n:32 p:4 g:20 part:[[4, 20, 28, 32], [5, 7, 13, 19, 21, 25, 27, 31], [6, 14, 15, 17, 18, 22, 26, 30], [1, 2, 3, 8, 9, 10, 11, 12, 16, 23, 24, 29]]
n:32 p:4 g:28 part:[[7, 25, 28, 32], [8, 10, 12, 20, 22, 24, 29, 31], [1, 9, 13, 14, 15, 17, 18, 19, 23, 27], [2, 3, 4, 5, 6, 11, 16, 21, 26, 30]]
n:32 p:4 g:4 part:[[4, 8, 10, 22, 24, 32], [5, 9, 12, 20, 23, 31], [6, 11, 14, 18, 21, 30], [1, 2, 3, 7, 13, 15, 16, 17, 19, 25, 26, 27, 28, 29]]
n:32 p:4 g:12 part:[[4, 6, 12, 26, 28, 32], [5, 8, 13, 24, 27, 31], [7, 10, 14, 22, 25, 30], [1, 2, 3, 9, 11, 15, 16, 17, 18, 19, 20, 21, 23, 29]]
n:32 p:4 g:20 part:[[4, 6, 20, 26, 28, 32], [5, 8, 21, 24, 27, 31], [7, 13, 19, 22, 25, 30], [1, 2, 3, 9, 10, 11, 12, 14, 15, 16, 17, 18, 23, 29]]
n:32 p:4 g:28 part:[[7, 9, 23, 25, 28, 32], [8, 11, 21, 24, 29, 31], [1, 10, 13, 19, 22, 27], [2, 3, 4, 5, 6, 12, 14, 15, 16, 17, 18, 20, 26, 30]]
n:32 p:4 g:4 part:[[4, 8, 10, 22, 24, 32], [5, 9, 12, 20, 23, 31], [6, 11, 14, 15, 17, 18, 21, 30], [1, 2, 3, 7, 13, 16, 19, 25, 26, 27, 28, 29]]
n:32 p:4 g:12 part:[[4, 6, 12, 26, 28, 32], [5, 8, 13, 24, 27, 31], [7, 10, 11, 14, 21, 22, 25, 30], [1, 2, 3, 9, 15, 16, 17, 18, 19, 20, 23, 29]]
n:32 p:4 g:20 part:[[4, 6, 20, 26, 28, 32], [5, 8, 21, 24, 27, 31], [7, 13, 15, 17, 19, 22, 25, 30], [1, 2, 3, 9, 10, 11, 12, 14, 16, 18, 23, 29]]
n:32 p:4 g:28 part:[[7, 9, 23, 25, 28, 32], [8, 11, 21, 24, 29, 31], [1, 10, 13, 15, 17, 19, 22, 27], [2, 3, 4, 5, 6, 12, 14, 16, 18, 20, 26, 30]]
n:32 p:4 g:4 part:[[4, 8, 10, 22, 24, 32], [5, 9, 12, 20, 23, 31], [6, 11, 14, 15, 17, 18, 21, 30], [1, 2, 3, 7, 13, 16, 19, 25, 26, 27, 28, 29]]
n:32 p:4 g:12 part:[[4, 6, 12, 26, 28, 32], [5, 8, 13, 24, 27, 31], [7, 10, 11, 14, 21, 22, 25, 30], [1, 2, 3, 9, 15, 16, 17, 18, 19, 20, 23, 29]]
n:32 p:4 g:20 part:[[4, 6, 20, 26, 28, 32], [5, 8, 21, 24, 27, 31], [7, 13, 14, 15, 17, 18, 19, 22, 25, 30], [1, 2, 3, 9, 10, 11, 12, 16, 23, 29]]
n:32 p:4 g:28 part:[[7, 9, 23, 25, 28, 32], [8, 11, 21, 24, 29, 31], [1, 10, 13, 14, 15, 17, 18, 19, 22, 27], [2, 3, 4, 5, 6, 12, 16, 20, 26, 30]]
n:32 p:4 g:4 part:[[4, 8, 10, 22, 24, 32], [5, 9, 12, 14, 18, 20, 23, 31], [6, 11, 13, 15, 17, 19, 21, 30], [1, 2, 3, 7, 16, 25, 26, 27, 28, 29]]
n:32 p:4 g:12 part:[[4, 6, 12, 26, 28, 32], [5, 8, 10, 13, 22, 24, 27, 31], [7, 9, 11, 14, 21, 23, 25, 30], [1, 2, 3, 15, 16, 17, 18, 19, 20, 29]]
n:32 p:4 g:20 part:[[4, 6, 20, 26, 28, 32], [5, 8, 13, 19, 21, 24, 27, 31], [7, 14, 15, 17, 18, 22, 25, 30], [1, 2, 3, 9, 10, 11, 12, 16, 23, 29]]
n:32 p:4 g:28 part:[[7, 9, 23, 25, 28, 32], [8, 11, 13, 19, 21, 24, 29, 31], [1, 10, 14, 15, 17, 18, 22, 27], [2, 3, 4, 5, 6, 12, 16, 20, 26, 30]]
n:32 p:4 g:4 part:[[6, 11, 14, 18, 21, 30], [4, 8, 10, 12, 20, 22, 24, 32], [5, 9, 13, 15, 17, 19, 23, 31], [1, 2, 3, 7, 16, 25, 26, 27, 28, 29]]
n:32 p:4 g:12 part:[[7, 10, 14, 22, 25, 30], [4, 6, 8, 12, 24, 26, 28, 32], [5, 9, 11, 13, 21, 23, 27, 31], [1, 2, 3, 15, 16, 17, 18, 19, 20, 29]]
n:32 p:4 g:20 part:[[7, 14, 18, 22, 25, 30], [4, 6, 8, 20, 24, 26, 28, 32], [5, 13, 15, 17, 19, 21, 27, 31], [1, 2, 3, 9, 10, 11, 12, 16, 23, 29]]
n:32 p:4 g:28 part:[[7, 9, 11, 21, 23, 25, 28, 32], [8, 12, 14, 18, 20, 24, 29, 31], [1, 10, 13, 15, 17, 19, 22, 27], [2, 3, 4, 5, 6, 16, 26, 30]]
n:32 p:3 g:16 part:[[16, 32], [17, 31], [1, 2, 3, 4, 5, 6, 7, 8, 9, 10, 11, 12, 13, 14, 15, 18, 19, 20, 21, 22, 23, 24, 25, 26, 27, 28, 29, 30]]
n:32 p:3 g:16 part:[[16, 32], [3, 17, 29, 31], [1, 2, 4, 5, 6, 7, 8, 9, 10, 11, 12, 13, 14, 15, 18, 19, 20, 21, 22, 23, 24, 25, 26, 27, 28, 30]]
n:32 p:3 g:16 part:[[16, 32], [3, 5, 17, 27, 29, 31], [1, 2, 4, 6, 7, 8, 9, 10, 11, 12, 13, 14, 15, 18, 19, 20, 21, 22, 23, 24, 25, 26, 28, 30]]
n:32 p:3 g:16 part:[[16, 32], [3, 5, 7, 17, 25, 27, 29, 31], [1, 2, 4, 6, 8, 9, 10, 11, 12, 13, 14, 15, 18, 19, 20, 21, 22, 23, 24, 26, 28, 30]]
n:32 p:3 g:16 part:[[16, 32], [3, 5, 7, 9, 17, 23, 25, 27, 29, 31], [1, 2, 4, 6, 8, 10, 11, 12, 13, 14, 15, 18, 19, 20, 21, 22, 24, 26, 28, 30]]
n:32 p:3 g:16 part:[[16, 32], [3, 5, 7, 9, 11, 17, 21, 23, 25, 27, 29, 31], [1, 2, 4, 6, 8, 10, 12, 13, 14, 15, 18, 19, 20, 22, 24, 26, 28, 30]]
n:32 p:3 g:16 part:[[16, 32], [3, 5, 7, 9, 11, 13, 17, 19, 21, 23, 25, 27, 29, 31], [1, 2, 4, 6, 8, 10, 12, 14, 15, 18, 20, 22, 24, 26, 28, 30]]
n:32 p:3 g:16 part:[[3, 16, 29, 32], [4, 17, 28, 31], [1, 2, 5, 6, 7, 8, 9, 10, 11, 12, 13, 14, 15, 18, 19, 20, 21, 22, 23, 24, 25, 26, 27, 30]]
n:32 p:3 g:16 part:[[3, 16, 29, 32], [4, 6, 17, 26, 28, 31], [1, 2, 5, 7, 8, 9, 10, 11, 12, 13, 14, 15, 18, 19, 20, 21, 22, 23, 24, 25, 27, 30]]
n:32 p:3 g:16 part:[[3, 16, 29, 32], [4, 6, 8, 17, 24, 26, 28, 31], [1, 2, 5, 7, 9, 10, 11, 12, 13, 14, 15, 18, 19, 20, 21, 22, 23, 25, 27, 30]]
n:32 p:3 g:16 part:[[3, 16, 29, 32], [4, 6, 8, 10, 17, 22, 24, 26, 28, 31], [1, 2, 5, 7, 9, 11, 12, 13, 14, 15, 18, 19, 20, 21, 23, 25, 27, 30]]
n:32 p:3 g:16 part:[[3, 16, 29, 32], [4, 6, 8, 10, 12, 17, 20, 22, 24, 26, 28, 31], [1, 2, 5, 7, 9, 11, 13, 14, 15, 18, 19, 21, 23, 25, 27, 30]]
n:32 p:3 g:16 part:[[3, 16, 29, 32], [4, 6, 8, 10, 12, 13, 17, 19, 20, 22, 24, 26, 28, 31], [1, 2, 5, 7, 9, 11, 14, 15, 18, 21, 23, 25, 27, 30]]
n:32 p:3 g:16 part:[[3, 5, 16, 27, 29, 32], [4, 7, 17, 25, 28, 31], [1, 2, 6, 8, 9, 10, 11, 12, 13, 14, 15, 18, 19, 20, 21, 22, 23, 24, 26, 30]]
n:32 p:3 g:16 part:[[3, 5, 16, 27, 29, 32], [4, 7, 9, 17, 23, 25, 28, 31], [1, 2, 6, 8, 10, 11, 12, 13, 14, 15, 18, 19, 20, 21, 22, 24, 26, 30]]
n:32 p:3 g:16 part:[[3, 5, 16, 27, 29, 32], [4, 7, 9, 11, 17, 21, 23, 25, 28, 31], [1, 2, 6, 8, 10, 12, 13, 14, 15, 18, 19, 20, 22, 24, 26, 30]]
n:32 p:3 g:16 part:[[3, 5, 16, 27, 29, 32], [4, 7, 9, 11, 13, 17, 19, 21, 23, 25, 28, 31], [1, 2, 6, 8, 10, 12, 14, 15, 18, 20, 22, 24, 26, 30]]
n:32 p:3 g:16 part:[[3, 5, 7, 16, 25, 27, 29, 32], [4, 8, 10, 17, 22, 24, 28, 31], [1, 2, 6, 9, 11, 12, 13, 14, 15, 18, 19, 20, 21, 23, 26, 30]]
n:32 p:3 g:16 part:[[3, 5, 7, 16, 25, 27, 29, 32], [4, 8, 10, 12, 17, 20, 22, 24, 28, 31], [1, 2, 6, 9, 11, 13, 14, 15, 18, 19, 21, 23, 26, 30]]
n:32 p:3 g:16 part:[[3, 5, 7, 16, 25, 27, 29, 32], [4, 8, 10, 12, 13, 17, 19, 20, 22, 24, 28, 31], [1, 2, 6, 9, 11, 14, 15, 18, 21, 23, 26, 30]]
n:32 p:3 g:16 part:[[3, 5, 7, 9, 16, 23, 25, 27, 29, 32], [4, 8, 11, 13, 17, 19, 21, 24, 28, 31], [1, 2, 6, 10, 12, 14, 15, 18, 20, 22, 26, 30]]
n:32 p:2 g:8 part:[[8, 32], [1, 2, 3, 4, 5, 6, 7, 9, 10, 11, 12, 13, 14, 15, 16, 17, 18, 19, 20, 21, 22, 23, 24, 25, 26, 27, 28, 29, 30, 31]]
n:32 p:2 g:24 part:[[24, 32], [1, 2, 3, 4, 5, 6, 7, 8, 9, 10, 11, 12, 13, 14, 15, 16, 17, 18, 19, 20, 21, 22, 23, 25, 26, 27, 28, 29, 30, 31]]
n:32 p:2 g:8 part:[[2, 8, 30, 32], [1, 3, 4, 5, 6, 7, 9, 10, 11, 12, 13, 14, 15, 16, 17, 18, 19, 20, 21, 22, 23, 24, 25, 26, 27, 28, 29, 31]]
n:32 p:2 g:24 part:[[2, 24, 30, 32], [1, 3, 4, 5, 6, 7, 8, 9, 10, 11, 12, 13, 14, 15, 16, 17, 18, 19, 20, 21, 22, 23, 25, 26, 27, 28, 29, 31]]
n:32 p:2 g:8 part:[[2, 4, 8, 28, 30, 32], [1, 3, 5, 6, 7, 9, 10, 11, 12, 13, 14, 15, 16, 17, 18, 19, 20, 21, 22, 23, 24, 25, 26, 27, 29, 31]]
n:32 p:2 g:24 part:[[2, 4, 24, 28, 30, 32], [1, 3, 5, 6, 7, 8, 9, 10, 11, 12, 13, 14, 15, 16, 17, 18, 19, 20, 21, 22, 23, 25, 26, 27, 29, 31]]
n:32 p:2 g:8 part:[[2, 4, 6, 8, 26, 28, 30, 32], [1, 3, 5, 7, 9, 10, 11, 12, 13, 14, 15, 16, 17, 18, 19, 20, 21, 22, 23, 24, 25, 27, 29, 31]]
n:32 p:2 g:24 part:[[2, 4, 6, 24, 26, 28, 30, 32], [1, 3, 5, 7, 8, 9, 10, 11, 12, 13, 14, 15, 16, 17, 18, 19, 20, 21, 22, 23, 25, 27, 29, 31]]
n:32 p:2 g:8 part:[[2, 4, 6, 8, 10, 22, 26, 28, 30, 32], [1, 3, 5, 7, 9, 11, 12, 13, 14, 15, 16, 17, 18, 19, 20, 21, 23, 24, 25, 27, 29, 31]]
n:32 p:2 g:24 part:[[2, 4, 6, 9, 23, 24, 26, 28, 30, 32], [1, 3, 5, 7, 8, 10, 11, 12, 13, 14, 15, 16, 17, 18, 19, 20, 21, 22, 25, 27, 29, 31]]
n:32 p:2 g:8 part:[[2, 4, 6, 8, 10, 12, 20, 22, 26, 28, 30, 32], [1, 3, 5, 7, 9, 11, 13, 14, 15, 16, 17, 18, 19, 21, 23, 24, 25, 27, 29, 31]]
n:32 p:2 g:24 part:[[2, 4, 6, 9, 11, 21, 23, 24, 26, 28, 30, 32], [1, 3, 5, 7, 8, 10, 12, 13, 14, 15, 16, 17, 18, 19, 20, 22, 25, 27, 29, 31]]
n:32 p:2 g:8 part:[[2, 4, 6, 8, 10, 12, 14, 18, 20, 22, 26, 28, 30, 32], [1, 3, 5, 7, 9, 11, 13, 15, 16, 17, 19, 21, 23, 24, 25, 27, 29, 31]]
n:32 p:2 g:24 part:[[2, 4, 6, 9, 11, 13, 19, 21, 23, 24, 26, 28, 30, 32], [1, 3, 5, 7, 8, 10, 12, 14, 15, 16, 17, 18, 20, 22, 25, 27, 29, 31]]
n:32 p:2 g:8 part:[[2, 4, 6, 8, 10, 12, 14, 15, 17, 18, 20, 22, 26, 28, 30, 32], [1, 3, 5, 7, 9, 11, 13, 16, 19, 21, 23, 24, 25, 27, 29, 31]]
n:32 p:2 g:24 part:[[2, 4, 6, 9, 11, 13, 15, 17, 19, 21, 23, 24, 26, 28, 30, 32], [1, 3, 5, 7, 8, 10, 12, 14, 16, 18, 20, 22, 25, 27, 29, 31]]
n:32 p:1 g:16 part:[[1, 2, 3, 4, 5, 6, 7, 8, 9, 10, 11, 12, 13, 14, 15, 16, 17, 18, 19, 20, 21, 22, 23, 24, 25, 26, 27, 28, 29, 30, 31, 32]]
