Generating partitions.
---------------------------------------------------------------------------------------------------------
n:34 p:17 g:1 part:[[1, 34], [2, 33], [3, 32], [4, 31], [5, 30], [6, 29], [7, 28], [8, 27], [9, 26], [10, 25], [11, 24], [12, 23], [13, 22], [14, 21], [15, 20], [16, 19], [17, 18]]
n:34 p:17 g:3 part:[[3, 34], [4, 33], [5, 32], [6, 31], [7, 30], [8, 29], [9, 28], [10, 27], [11, 26], [12, 25], [13, 24], [14, 23], [15, 22], [16, 21], [17, 20], [18, 19], [1, 2]]
n:34 p:17 g:5 part:[[5, 34], [6, 33], [7, 32], [8, 31], [9, 30], [10, 29], [11, 28], [12, 27], [13, 26], [14, 25], [15, 24], [16, 23], [17, 22], [18, 21], [19, 20], [1, 4], [2, 3]]
n:34 p:17 g:7 part:[[7, 34], [8, 33], [9, 32], [10, 31], [11, 30], [12, 29], [13, 28], [14, 27], [15, 26], [16, 25], [17, 24], [18, 23], [19, 22], [20, 21], [1, 6], [2, 5], [3, 4]]
n:34 p:17 g:9 part:[[9, 34], [10, 33], [11, 32], [12, 31], [13, 30], [14, 29], [15, 28], [16, 27], [17, 26], [18, 25], [19, 24], [20, 23], [21, 22], [1, 8], [2, 7], [3, 6], [4, 5]]
n:34 p:17 g:11 part:[[11, 34], [12, 33], [13, 32], [14, 31], [15, 30], [16, 29], [17, 28], [18, 27], [19, 26], [20, 25], [21, 24], [22, 23], [1, 10], [2, 9], [3, 8], [4, 7], [5, 6]]
n:34 p:17 g:13 part:[[13, 34], [14, 33], [15, 32], [16, 31], [17, 30], [18, 29], [19, 28], [20, 27], [21, 26], [22, 25], [23, 24], [1, 12], [2, 11], [3, 10], [4, 9], [5, 8], [6, 7]]
n:34 p:17 g:15 part:[[15, 34], [16, 33], [17, 32], [18, 31], [19, 30], [20, 29], [21, 28], [22, 27], [23, 26], [24, 25], [1, 14], [2, 13], [3, 12], [4, 11], [5, 10], [6, 9], [7, 8]]
n:34 p:17 g:17 part:[[17, 34], [18, 33], [19, 32], [20, 31], [21, 30], [22, 29], [23, 28], [24, 27], [25, 26], [1, 16], [2, 15], [3, 14], [4, 13], [5, 12], [6, 11], [7, 10], [8, 9]]
n:34 p:17 g:19 part:[[19, 34], [20, 33], [21, 32], [22, 31], [23, 30], [24, 29], [25, 28], [26, 27], [1, 18], [2, 17], [3, 16], [4, 15], [5, 14], [6, 13], [7, 12], [8, 11], [9, 10]]
n:34 p:17 g:21 part:[[21, 34], [22, 33], [23, 32], [24, 31], [25, 30], [26, 29], [27, 28], [1, 20], [2, 19], [3, 18], [4, 17], [5, 16], [6, 15], [7, 14], [8, 13], [9, 12], [10, 11]]
n:34 p:17 g:23 part:[[23, 34], [24, 33], [25, 32], [26, 31], [27, 30], [28, 29], [1, 22], [2, 21], [3, 20], [4, 19], [5, 18], [6, 17], [7, 16], [8, 15], [9, 14], [10, 13], [11, 12]]
n:34 p:17 g:25 part:[[25, 34], [26, 33], [27, 32], [28, 31], [29, 30], [1, 24], [2, 23], [3, 22], [4, 21], [5, 20], [6, 19], [7, 18], [8, 17], [9, 16], [10, 15], [11, 14], [12, 13]]
n:34 p:17 g:27 part:[[27, 34], [28, 33], [29, 32], [30, 31], [1, 26], [2, 25], [3, 24], [4, 23], [5, 22], [6, 21], [7, 20], [8, 19], [9, 18], [10, 17], [11, 16], [12, 15], [13, 14]]
n:34 p:17 g:29 part:[[29, 34], [30, 33], [31, 32], [1, 28], [2, 27], [3, 26], [4, 25], [5, 24], [6, 23], [7, 22], [8, 21], [9, 20], [10, 19], [11, 18], [12, 17], [13, 16], [14, 15]]
n:34 p:17 g:31 part:[[31, 34], [32, 33], [1, 30], [2, 29], [3, 28], [4, 27], [5, 26], [6, 25], [7, 24], [8, 23], [9, 22], [10, 21], [11, 20], [12, 19], [13, 18], [14, 17], [15, 16]]
n:34 p:17 g:33 part:[[33, 34], [1, 32], [2, 31], [3, 30], [4, 29], [5, 28], [6, 27], [7, 26], [8, 25], [9, 24], [10, 23], [11, 22], [12, 21], [13, 20], [14, 19], [15, 18], [16, 17]]
n:34 p:15 g:17 part:[[17, 34], [18, 33], [19, 32], [20, 31], [21, 30], [22, 29], [23, 28], [24, 27], [25, 26], [1, 16], [2, 15], [3, 14], [4, 13], [5, 12], [6, 7, 8, 9, 10, 11]]
n:34 p:15 g:17 part:[[17, 34], [18, 33], [19, 32], [20, 31], [21, 30], [22, 29], [23, 28], [24, 27], [25, 26], [1, 16], [2, 15], [3, 14], [4, 13], [5, 12], [6, 7, 8, 9, 10, 11]]
n:34 p:13 g:17 part:[[17, 34], [18, 33], [19, 32], [20, 31], [21, 30], [22, 29], [23, 28], [24, 27], [25, 26], [1, 16], [2, 15], [3, 14], [4, 5, 6, 7, 8, 9, 10, 11, 12, 13]]
n:34 p:13 g:17 part:[[17, 34], [18, 33], [19, 32], [20, 31], [21, 30], [22, 29], [23, 28], [24, 27], [25, 26], [1, 16], [2, 15], [3, 14], [4, 5, 6, 7, 8, 9, 10, 11, 12, 13]]
n:34 p:13 g:17 part:[[17, 34], [18, 33], [19, 32], [20, 31], [21, 30], [22, 29], [23, 28], [24, 27], [25, 26], [1, 16], [2, 15], [3, 14], [4, 5, 6, 7, 8, 9, 10, 11, 12, 13]]
n:34 p:13 g:17 part:[[17, 34], [18, 33], [19, 32], [20, 31], [21, 30], [22, 29], [23, 28], [24, 27], [25, 26], [1, 16], [2, 15], [3, 14], [4, 5, 6, 7, 8, 9, 10, 11, 12, 13]]
n:34 p:13 g:17 part:[[17, 34], [18, 33], [19, 32], [20, 31], [21, 30], [22, 29], [23, 28], [24, 27], [25, 26], [1, 16], [2, 15], [3, 14], [4, 5, 6, 7, 8, 9, 10, 11, 12, 13]]
n:34 p:11 g:17 part:[[17, 34], [18, 33], [19, 32], [20, 31], [21, 30], [22, 29], [23, 28], [24, 27], [25, 26], [1, 16], [2, 3, 4, 5, 6, 7, 8, 9, 10, 11, 12, 13, 14, 15]]
n:34 p:11 g:17 part:[[17, 34], [18, 33], [19, 32], [20, 31], [21, 30], [22, 29], [23, 28], [24, 27], [25, 26], [1, 16], [2, 3, 4, 5, 6, 7, 8, 9, 10, 11, 12, 13, 14, 15]]
n:34 p:11 g:17 part:[[17, 34], [18, 33], [19, 32], [20, 31], [21, 30], [22, 29], [23, 28], [24, 27], [25, 26], [1, 16], [2, 3, 4, 5, 6, 7, 8, 9, 10, 11, 12, 13, 14, 15]]
n:34 p:11 g:17 part:[[17, 34], [18, 33], [19, 32], [20, 31], [21, 30], [22, 29], [23, 28], [24, 27], [25, 26], [1, 16], [2, 3, 4, 5, 6, 7, 8, 9, 10, 11, 12, 13, 14, 15]]
n:34 p:11 g:17 part:[[17, 34], [18, 33], [19, 32], [20, 31], [21, 30], [22, 29], [23, 28], [24, 27], [25, 26], [1, 16], [2, 3, 4, 5, 6, 7, 8, 9, 10, 11, 12, 13, 14, 15]]
n:34 p:11 g:17 part:[[17, 34], [18, 33], [19, 32], [20, 31], [21, 30], [22, 29], [23, 28], [24, 27], [25, 26], [1, 16], [2, 3, 4, 5, 6, 7, 8, 9, 10, 11, 12, 13, 14, 15]]
n:34 p:11 g:17 part:[[17, 34], [18, 33], [19, 32], [20, 31], [21, 30], [22, 29], [23, 28], [24, 27], [25, 26], [1, 16], [2, 3, 4, 5, 6, 7, 8, 9, 10, 11, 12, 13, 14, 15]]
n:34 p:11 g:17 part:[[17, 34], [18, 33], [19, 32], [20, 31], [21, 30], [22, 29], [23, 28], [24, 27], [25, 26], [1, 16], [2, 3, 4, 5, 6, 7, 8, 9, 10, 11, 12, 13, 14, 15]]
n:34 p:11 g:17 part:[[17, 34], [18, 33], [19, 32], [20, 31], [21, 30], [22, 29], [23, 28], [24, 27], [25, 26], [1, 16], [2, 3, 4, 5, 6, 7, 8, 9, 10, 11, 12, 13, 14, 15]]
n:34 p:11 g:17 part:[[17, 34], [18, 33], [19, 32], [20, 31], [21, 30], [22, 29], [23, 28], [24, 27], [25, 26], [1, 16], [2, 3, 4, 5, 6, 7, 8, 9, 10, 11, 12, 13, 14, 15]]
n:34 p:11 g:17 part:[[17, 34], [18, 33], [19, 32], [20, 31], [21, 30], [22, 29], [23, 28], [24, 27], [25, 26], [1, 16], [2, 3, 4, 5, 6, 7, 8, 9, 10, 11, 12, 13, 14, 15]]
n:34 p:9 g:17 part:[[17, 34], [18, 33], [19, 32], [20, 31], [21, 30], [22, 29], [23, 28], [24, 27], [1, 2, 3, 4, 5, 6, 7, 8, 9, 10, 11, 12, 13, 14, 15, 16, 25, 26]]
n:34 p:9 g:17 part:[[17, 34], [18, 33], [19, 32], [20, 31], [21, 30], [22, 29], [23, 28], [24, 27], [1, 2, 3, 4, 5, 6, 7, 8, 9, 10, 11, 12, 13, 14, 15, 16, 25, 26]]
n:34 p:9 g:17 part:[[17, 34], [18, 33], [19, 32], [20, 31], [21, 30], [22, 29], [23, 28], [24, 27], [1, 2, 3, 4, 5, 6, 7, 8, 9, 10, 11, 12, 13, 14, 15, 16, 25, 26]]
n:34 p:9 g:17 part:[[17, 34], [18, 33], [19, 32], [20, 31], [21, 30], [22, 29], [23, 28], [24, 27], [1, 2, 3, 4, 5, 6, 7, 8, 9, 10, 11, 12, 13, 14, 15, 16, 25, 26]]
n:34 p:9 g:17 part:[[17, 34], [18, 33], [19, 32], [20, 31], [21, 30], [22, 29], [23, 28], [24, 27], [1, 2, 3, 4, 5, 6, 7, 8, 9, 10, 11, 12, 13, 14, 15, 16, 25, 26]]
n:34 p:9 g:17 part:[[17, 34], [18, 33], [19, 32], [20, 31], [21, 30], [22, 29], [23, 28], [24, 27], [1, 2, 3, 4, 5, 6, 7, 8, 9, 10, 11, 12, 13, 14, 15, 16, 25, 26]]
n:34 p:9 g:17 part:[[17, 34], [18, 33], [19, 32], [20, 31], [21, 30], [22, 29], [23, 28], [24, 27], [1, 2, 3, 4, 5, 6, 7, 8, 9, 10, 11, 12, 13, 14, 15, 16, 25, 26]]
n:34 p:9 g:17 part:[[17, 34], [18, 33], [19, 32], [20, 31], [21, 30], [22, 29], [23, 28], [24, 27], [1, 2, 3, 4, 5, 6, 7, 8, 9, 10, 11, 12, 13, 14, 15, 16, 25, 26]]
n:34 p:9 g:17 part:[[17, 34], [18, 33], [19, 32], [20, 31], [21, 30], [22, 29], [23, 28], [24, 27], [1, 2, 3, 4, 5, 6, 7, 8, 9, 10, 11, 12, 13, 14, 15, 16, 25, 26]]
n:34 p:9 g:17 part:[[17, 34], [18, 33], [19, 32], [20, 31], [21, 30], [22, 29], [23, 28], [24, 27], [1, 2, 3, 4, 5, 6, 7, 8, 9, 10, 11, 12, 13, 14, 15, 16, 25, 26]]
n:34 p:9 g:17 part:[[17, 34], [18, 33], [19, 32], [20, 31], [21, 30], [22, 29], [23, 28], [24, 27], [1, 2, 3, 4, 5, 6, 7, 8, 9, 10, 11, 12, 13, 14, 15, 16, 25, 26]]
n:34 p:9 g:17 part:[[17, 34], [18, 33], [19, 32], [20, 31], [21, 30], [22, 29], [23, 28], [24, 27], [1, 2, 3, 4, 5, 6, 7, 8, 9, 10, 11, 12, 13, 14, 15, 16, 25, 26]]
n:34 p:9 g:17 part:[[17, 34], [18, 33], [19, 32], [20, 31], [21, 30], [22, 29], [23, 28], [24, 27], [1, 2, 3, 4, 5, 6, 7, 8, 9, 10, 11, 12, 13, 14, 15, 16, 25, 26]]
n:34 p:9 g:17 part:[[17, 34], [18, 33], [19, 32], [20, 31], [21, 30], [22, 29], [23, 28], [24, 27], [1, 2, 3, 4, 5, 6, 7, 8, 9, 10, 11, 12, 13, 14, 15, 16, 25, 26]]
n:34 p:9 g:17 part:[[17, 34], [18, 33], [19, 32], [20, 31], [21, 30], [22, 29], [23, 28], [24, 27], [1, 2, 3, 4, 5, 6, 7, 8, 9, 10, 11, 12, 13, 14, 15, 16, 25, 26]]
n:34 p:9 g:17 part:[[17, 34], [18, 33], [19, 32], [20, 31], [21, 30], [22, 29], [23, 28], [24, 27], [1, 2, 3, 4, 5, 6, 7, 8, 9, 10, 11, 12, 13, 14, 15, 16, 25, 26]]
n:34 p:9 g:17 part:[[17, 34], [18, 33], [19, 32], [20, 31], [21, 30], [22, 29], [23, 28], [24, 27], [1, 2, 3, 4, 5, 6, 7, 8, 9, 10, 11, 12, 13, 14, 15, 16, 25, 26]]
n:34 p:9 g:17 part:[[17, 34], [18, 33], [19, 32], [20, 31], [21, 30], [22, 29], [23, 28], [24, 27], [1, 2, 3, 4, 5, 6, 7, 8, 9, 10, 11, 12, 13, 14, 15, 16, 25, 26]]
n:34 p:9 g:17 part:[[17, 34], [18, 33], [19, 32], [20, 31], [21, 30], [22, 29], [23, 28], [24, 27], [1, 2, 3, 4, 5, 6, 7, 8, 9, 10, 11, 12, 13, 14, 15, 16, 25, 26]]
n:34 p:9 g:17 part:[[17, 34], [18, 33], [19, 32], [20, 31], [21, 30], [22, 29], [23, 28], [24, 27], [1, 2, 3, 4, 5, 6, 7, 8, 9, 10, 11, 12, 13, 14, 15, 16, 25, 26]]
n:34 p:9 g:17 part:[[17, 34], [18, 33], [19, 32], [20, 31], [21, 30], [22, 29], [23, 28], [24, 27], [1, 2, 3, 4, 5, 6, 7, 8, 9, 10, 11, 12, 13, 14, 15, 16, 25, 26]]
n:34 p:9 g:17 part:[[17, 34], [18, 33], [19, 32], [20, 31], [21, 30], [22, 29], [23, 28], [24, 27], [1, 2, 3, 4, 5, 6, 7, 8, 9, 10, 11, 12, 13, 14, 15, 16, 25, 26]]
n:34 p:7 g:17 part:[[17, 34], [18, 33], [19, 32], [20, 31], [21, 30], [22, 29], [1, 2, 3, 4, 5, 6, 7, 8, 9, 10, 11, 12, 13, 14, 15, 16, 23, 24, 25, 26, 27, 28]]
n:34 p:7 g:17 part:[[17, 34], [18, 33], [19, 32], [20, 31], [21, 30], [7, 22, 27, 29], [1, 2, 3, 4, 5, 6, 8, 9, 10, 11, 12, 13, 14, 15, 16, 23, 24, 25, 26, 28]]
n:34 p:7 g:17 part:[[17, 34], [18, 33], [19, 32], [20, 31], [21, 30], [7, 9, 22, 25, 27, 29], [1, 2, 3, 4, 5, 6, 8, 10, 11, 12, 13, 14, 15, 16, 23, 24, 26, 28]]
n:34 p:7 g:17 part:[[17, 34], [18, 33], [19, 32], [20, 31], [21, 30], [7, 9, 10, 22, 24, 25, 27, 29], [1, 2, 3, 4, 5, 6, 8, 11, 12, 13, 14, 15, 16, 23, 26, 28]]
n:34 p:7 g:17 part:[[17, 34], [18, 33], [19, 32], [20, 31], [21, 30], [7, 9, 10, 22, 24, 25, 27, 29], [1, 2, 3, 4, 5, 6, 8, 11, 12, 13, 14, 15, 16, 23, 26, 28]]
n:34 p:7 g:17 part:[[17, 34], [18, 33], [19, 32], [20, 31], [21, 30], [7, 9, 10, 22, 24, 25, 27, 29], [1, 2, 3, 4, 5, 6, 8, 11, 12, 13, 14, 15, 16, 23, 26, 28]]
n:34 p:7 g:17 part:[[17, 34], [18, 33], [19, 32], [20, 31], [7, 21, 27, 30], [8, 22, 26, 29], [1, 2, 3, 4, 5, 6, 9, 10, 11, 12, 13, 14, 15, 16, 23, 24, 25, 28]]
n:34 p:7 g:17 part:[[17, 34], [18, 33], [19, 32], [20, 31], [7, 21, 27, 30], [8, 10, 22, 24, 26, 29], [1, 2, 3, 4, 5, 6, 9, 11, 12, 13, 14, 15, 16, 23, 25, 28]]
n:34 p:7 g:17 part:[[17, 34], [18, 33], [19, 32], [20, 31], [7, 21, 27, 30], [8, 9, 10, 22, 24, 25, 26, 29], [1, 2, 3, 4, 5, 6, 11, 12, 13, 14, 15, 16, 23, 28]]
n:34 p:7 g:17 part:[[17, 34], [18, 33], [19, 32], [20, 31], [7, 21, 27, 30], [8, 9, 10, 22, 24, 25, 26, 29], [1, 2, 3, 4, 5, 6, 11, 12, 13, 14, 15, 16, 23, 28]]
n:34 p:7 g:17 part:[[17, 34], [18, 33], [19, 32], [20, 31], [7, 9, 21, 25, 27, 30], [8, 10, 22, 24, 26, 29], [1, 2, 3, 4, 5, 6, 11, 12, 13, 14, 15, 16, 23, 28]]
n:34 p:7 g:17 part:[[17, 34], [18, 33], [19, 32], [20, 31], [7, 9, 21, 25, 27, 30], [8, 10, 22, 24, 26, 29], [1, 2, 3, 4, 5, 6, 11, 12, 13, 14, 15, 16, 23, 28]]
n:34 p:7 g:17 part:[[17, 34], [18, 33], [19, 32], [20, 31], [7, 9, 21, 25, 27, 30], [8, 10, 22, 24, 26, 29], [1, 2, 3, 4, 5, 6, 11, 12, 13, 14, 15, 16, 23, 28]]
n:34 p:7 g:17 part:[[17, 34], [18, 33], [19, 32], [20, 31], [8, 22, 26, 29], [7, 9, 10, 21, 24, 25, 27, 30], [1, 2, 3, 4, 5, 6, 11, 12, 13, 14, 15, 16, 23, 28]]
n:34 p:7 g:17 part:[[17, 34], [18, 33], [19, 32], [7, 20, 27, 31], [8, 21, 26, 30], [9, 22, 25, 29], [1, 2, 3, 4, 5, 6, 10, 11, 12, 13, 14, 15, 16, 23, 24, 28]]
n:34 p:7 g:17 part:[[17, 34], [18, 33], [19, 32], [7, 20, 27, 31], [8, 21, 26, 30], [9, 10, 22, 24, 25, 29], [1, 2, 3, 4, 5, 6, 11, 12, 13, 14, 15, 16, 23, 28]]
n:34 p:7 g:17 part:[[17, 34], [18, 33], [19, 32], [7, 20, 27, 31], [8, 21, 26, 30], [9, 10, 22, 24, 25, 29], [1, 2, 3, 4, 5, 6, 11, 12, 13, 14, 15, 16, 23, 28]]
n:34 p:7 g:17 part:[[17, 34], [18, 33], [19, 32], [7, 20, 27, 31], [8, 21, 26, 30], [9, 10, 22, 24, 25, 29], [1, 2, 3, 4, 5, 6, 11, 12, 13, 14, 15, 16, 23, 28]]
n:34 p:7 g:17 part:[[17, 34], [18, 33], [19, 32], [7, 20, 27, 31], [9, 22, 25, 29], [8, 10, 21, 24, 26, 30], [1, 2, 3, 4, 5, 6, 11, 12, 13, 14, 15, 16, 23, 28]]
n:34 p:7 g:17 part:[[17, 34], [18, 33], [19, 32], [7, 20, 27, 31], [9, 22, 25, 29], [8, 10, 21, 24, 26, 30], [1, 2, 3, 4, 5, 6, 11, 12, 13, 14, 15, 16, 23, 28]]
n:34 p:7 g:17 part:[[17, 34], [18, 33], [19, 32], [22, 29], [7, 20, 27, 31], [8, 9, 10, 21, 24, 25, 26, 30], [1, 2, 3, 4, 5, 6, 11, 12, 13, 14, 15, 16, 23, 28]]
n:34 p:7 g:17 part:[[17, 34], [18, 33], [19, 32], [22, 29], [7, 9, 20, 25, 27, 31], [8, 10, 21, 24, 26, 30], [1, 2, 3, 4, 5, 6, 11, 12, 13, 14, 15, 16, 23, 28]]
n:34 p:7 g:17 part:[[17, 34], [18, 33], [19, 32], [22, 29], [7, 9, 20, 25, 27, 31], [8, 10, 21, 24, 26, 30], [1, 2, 3, 4, 5, 6, 11, 12, 13, 14, 15, 16, 23, 28]]
n:34 p:7 g:17 part:[[17, 34], [18, 33], [7, 19, 27, 32], [8, 20, 26, 31], [9, 21, 25, 30], [10, 22, 24, 29], [1, 2, 3, 4, 5, 6, 11, 12, 13, 14, 15, 16, 23, 28]]
n:34 p:7 g:17 part:[[17, 34], [18, 33], [7, 19, 27, 32], [8, 20, 26, 31], [9, 21, 25, 30], [10, 22, 24, 29], [1, 2, 3, 4, 5, 6, 11, 12, 13, 14, 15, 16, 23, 28]]
n:34 p:7 g:17 part:[[17, 34], [18, 33], [7, 19, 27, 32], [8, 20, 26, 31], [9, 21, 25, 30], [10, 22, 24, 29], [1, 2, 3, 4, 5, 6, 11, 12, 13, 14, 15, 16, 23, 28]]
n:34 p:7 g:17 part:[[17, 34], [18, 33], [22, 29], [7, 19, 27, 32], [8, 20, 26, 31], [9, 10, 21, 24, 25, 30], [1, 2, 3, 4, 5, 6, 11, 12, 13, 14, 15, 16, 23, 28]]
n:34 p:7 g:17 part:[[17, 34], [18, 33], [22, 29], [7, 19, 27, 32], [8, 20, 26, 31], [9, 10, 21, 24, 25, 30], [1, 2, 3, 4, 5, 6, 11, 12, 13, 14, 15, 16, 23, 28]]
n:34 p:7 g:17 part:[[17, 34], [18, 33], [22, 29], [7, 19, 27, 32], [9, 21, 25, 30], [8, 10, 20, 24, 26, 31], [1, 2, 3, 4, 5, 6, 11, 12, 13, 14, 15, 16, 23, 28]]
n:34 p:7 g:17 part:[[17, 34], [18, 33], [21, 30], [22, 29], [7, 9, 19, 25, 27, 32], [8, 10, 20, 24, 26, 31], [1, 2, 3, 4, 5, 6, 11, 12, 13, 14, 15, 16, 23, 28]]
n:34 p:7 g:17 part:[[17, 34], [22, 29], [7, 18, 27, 33], [8, 19, 26, 32], [9, 20, 25, 31], [10, 21, 24, 30], [1, 2, 3, 4, 5, 6, 11, 12, 13, 14, 15, 16, 23, 28]]
n:34 p:7 g:17 part:[[17, 34], [22, 29], [7, 18, 27, 33], [8, 19, 26, 32], [9, 20, 25, 31], [10, 21, 24, 30], [1, 2, 3, 4, 5, 6, 11, 12, 13, 14, 15, 16, 23, 28]]
n:34 p:7 g:17 part:[[17, 34], [22, 29], [7, 18, 27, 33], [8, 19, 26, 32], [9, 20, 25, 31], [10, 21, 24, 30], [1, 2, 3, 4, 5, 6, 11, 12, 13, 14, 15, 16, 23, 28]]
n:34 p:7 g:17 part:[[17, 34], [22, 29], [7, 18, 27, 33], [8, 19, 26, 32], [9, 20, 25, 31], [10, 21, 24, 30], [1, 2, 3, 4, 5, 6, 11, 12, 13, 14, 15, 16, 23, 28]]
n:34 p:7 g:17 part:[[17, 34], [21, 30], [22, 29], [7, 18, 27, 33], [8, 19, 26, 32], [9, 10, 20, 24, 25, 31], [1, 2, 3, 4, 5, 6, 11, 12, 13, 14, 15, 16, 23, 28]]
n:34 p:7 g:17 part:[[21, 30], [22, 29], [7, 17, 27, 34], [8, 18, 26, 33], [9, 19, 25, 32], [10, 20, 24, 31], [1, 2, 3, 4, 5, 6, 11, 12, 13, 14, 15, 16, 23, 28]]
n:34 p:7 g:17 part:[[21, 30], [22, 29], [7, 17, 27, 34], [8, 18, 26, 33], [9, 19, 25, 32], [10, 20, 24, 31], [1, 2, 3, 4, 5, 6, 11, 12, 13, 14, 15, 16, 23, 28]]
n:34 p:7 g:17 part:[[21, 30], [22, 29], [7, 17, 27, 34], [8, 18, 26, 33], [9, 19, 25, 32], [10, 20, 24, 31], [1, 2, 3, 4, 5, 6, 11, 12, 13, 14, 15, 16, 23, 28]]
n:34 p:5 g:17 part:[[17, 34], [18, 33], [19, 32], [20, 31], [1, 2, 3, 4, 5, 6, 7, 8, 9, 10, 11, 12, 13, 14, 15, 16, 21, 22, 23, 24, 25, 26, 27, 28, 29, 30]]
n:34 p:5 g:17 part:[[17, 34], [18, 33], [19, 32], [5, 20, 29, 31], [1, 2, 3, 4, 6, 7, 8, 9, 10, 11, 12, 13, 14, 15, 16, 21, 22, 23, 24, 25, 26, 27, 28, 30]]
n:34 p:5 g:17 part:[[17, 34], [18, 33], [19, 32], [5, 7, 20, 27, 29, 31], [1, 2, 3, 4, 6, 8, 9, 10, 11, 12, 13, 14, 15, 16, 21, 22, 23, 24, 25, 26, 28, 30]]
n:34 p:5 g:17 part:[[17, 34], [18, 33], [19, 32], [5, 7, 9, 20, 25, 27, 29, 31], [1, 2, 3, 4, 6, 8, 10, 11, 12, 13, 14, 15, 16, 21, 22, 23, 24, 26, 28, 30]]
n:34 p:5 g:17 part:[[17, 34], [18, 33], [19, 32], [5, 7, 9, 11, 20, 23, 25, 27, 29, 31], [1, 2, 3, 4, 6, 8, 10, 12, 13, 14, 15, 16, 21, 22, 24, 26, 28, 30]]
n:34 p:5 g:17 part:[[17, 34], [18, 33], [19, 32], [5, 7, 9, 11, 12, 20, 22, 23, 25, 27, 29, 31], [1, 2, 3, 4, 6, 8, 10, 13, 14, 15, 16, 21, 24, 26, 28, 30]]
n:34 p:5 g:17 part:[[17, 34], [18, 33], [19, 32], [5, 6, 7, 9, 11, 12, 20, 22, 23, 25, 27, 28, 29, 31], [1, 2, 3, 4, 8, 10, 13, 14, 15, 16, 21, 24, 26, 30]]
n:34 p:5 g:17 part:[[17, 34], [18, 33], [5, 19, 29, 32], [6, 20, 28, 31], [1, 2, 3, 4, 7, 8, 9, 10, 11, 12, 13, 14, 15, 16, 21, 22, 23, 24, 25, 26, 27, 30]]
n:34 p:5 g:17 part:[[17, 34], [18, 33], [5, 19, 29, 32], [6, 8, 20, 26, 28, 31], [1, 2, 3, 4, 7, 9, 10, 11, 12, 13, 14, 15, 16, 21, 22, 23, 24, 25, 27, 30]]
n:34 p:5 g:17 part:[[17, 34], [18, 33], [5, 19, 29, 32], [6, 8, 10, 20, 24, 26, 28, 31], [1, 2, 3, 4, 7, 9, 11, 12, 13, 14, 15, 16, 21, 22, 23, 25, 27, 30]]
n:34 p:5 g:17 part:[[17, 34], [18, 33], [5, 19, 29, 32], [6, 8, 10, 12, 20, 22, 24, 26, 28, 31], [1, 2, 3, 4, 7, 9, 11, 13, 14, 15, 16, 21, 23, 25, 27, 30]]
n:34 p:5 g:17 part:[[17, 34], [18, 33], [5, 19, 29, 32], [6, 8, 10, 11, 12, 20, 22, 23, 24, 26, 28, 31], [1, 2, 3, 4, 7, 9, 13, 14, 15, 16, 21, 25, 27, 30]]
n:34 p:5 g:17 part:[[17, 34], [18, 33], [5, 7, 19, 27, 29, 32], [6, 9, 20, 25, 28, 31], [1, 2, 3, 4, 8, 10, 11, 12, 13, 14, 15, 16, 21, 22, 23, 24, 26, 30]]
n:34 p:5 g:17 part:[[17, 34], [18, 33], [5, 7, 19, 27, 29, 32], [6, 9, 11, 20, 23, 25, 28, 31], [1, 2, 3, 4, 8, 10, 12, 13, 14, 15, 16, 21, 22, 24, 26, 30]]
n:34 p:5 g:17 part:[[17, 34], [18, 33], [5, 7, 19, 27, 29, 32], [6, 9, 11, 12, 20, 22, 23, 25, 28, 31], [1, 2, 3, 4, 8, 10, 13, 14, 15, 16, 21, 24, 26, 30]]
n:34 p:5 g:17 part:[[17, 34], [18, 33], [5, 7, 19, 27, 29, 32], [6, 9, 11, 12, 20, 22, 23, 25, 28, 31], [1, 2, 3, 4, 8, 10, 13, 14, 15, 16, 21, 24, 26, 30]]
n:34 p:5 g:17 part:[[17, 34], [18, 33], [5, 7, 9, 19, 25, 27, 29, 32], [6, 10, 12, 20, 22, 24, 28, 31], [1, 2, 3, 4, 8, 11, 13, 14, 15, 16, 21, 23, 26, 30]]
n:34 p:5 g:17 part:[[17, 34], [18, 33], [5, 7, 9, 19, 25, 27, 29, 32], [6, 10, 11, 12, 20, 22, 23, 24, 28, 31], [1, 2, 3, 4, 8, 13, 14, 15, 16, 21, 26, 30]]
n:34 p:5 g:17 part:[[17, 34], [18, 33], [6, 10, 12, 20, 22, 24, 28, 31], [5, 7, 9, 11, 19, 23, 25, 27, 29, 32], [1, 2, 3, 4, 8, 13, 14, 15, 16, 21, 26, 30]]
n:34 p:5 g:17 part:[[17, 34], [5, 18, 29, 33], [6, 19, 28, 32], [7, 20, 27, 31], [1, 2, 3, 4, 8, 9, 10, 11, 12, 13, 14, 15, 16, 21, 22, 23, 24, 25, 26, 30]]
n:34 p:5 g:17 part:[[17, 34], [5, 18, 29, 33], [6, 19, 28, 32], [7, 9, 20, 25, 27, 31], [1, 2, 3, 4, 8, 10, 11, 12, 13, 14, 15, 16, 21, 22, 23, 24, 26, 30]]
n:34 p:5 g:17 part:[[17, 34], [5, 18, 29, 33], [6, 19, 28, 32], [7, 9, 11, 20, 23, 25, 27, 31], [1, 2, 3, 4, 8, 10, 12, 13, 14, 15, 16, 21, 22, 24, 26, 30]]
n:34 p:5 g:17 part:[[17, 34], [5, 18, 29, 33], [6, 19, 28, 32], [7, 9, 11, 12, 20, 22, 23, 25, 27, 31], [1, 2, 3, 4, 8, 10, 13, 14, 15, 16, 21, 24, 26, 30]]
n:34 p:5 g:17 part:[[17, 34], [5, 18, 29, 33], [6, 19, 28, 32], [7, 9, 11, 12, 20, 22, 23, 25, 27, 31], [1, 2, 3, 4, 8, 10, 13, 14, 15, 16, 21, 24, 26, 30]]
n:34 p:5 g:17 part:[[17, 34], [5, 18, 29, 33], [6, 8, 19, 26, 28, 32], [7, 10, 20, 24, 27, 31], [1, 2, 3, 4, 9, 11, 12, 13, 14, 15, 16, 21, 22, 23, 25, 30]]
n:34 p:5 g:17 part:[[17, 34], [5, 18, 29, 33], [6, 8, 19, 26, 28, 32], [7, 10, 12, 20, 22, 24, 27, 31], [1, 2, 3, 4, 9, 11, 13, 14, 15, 16, 21, 23, 25, 30]]
n:34 p:5 g:17 part:[[17, 34], [5, 18, 29, 33], [6, 8, 19, 26, 28, 32], [7, 10, 11, 12, 20, 22, 23, 24, 27, 31], [1, 2, 3, 4, 9, 13, 14, 15, 16, 21, 25, 30]]
n:34 p:5 g:17 part:[[17, 34], [5, 18, 29, 33], [6, 8, 10, 19, 24, 26, 28, 32], [7, 11, 12, 20, 22, 23, 27, 31], [1, 2, 3, 4, 9, 13, 14, 15, 16, 21, 25, 30]]
n:34 p:5 g:17 part:[[17, 34], [5, 18, 29, 33], [6, 8, 10, 19, 24, 26, 28, 32], [7, 11, 12, 20, 22, 23, 27, 31], [1, 2, 3, 4, 9, 13, 14, 15, 16, 21, 25, 30]]
n:34 p:5 g:17 part:[[17, 34], [5, 7, 18, 27, 29, 33], [6, 9, 19, 25, 28, 32], [8, 11, 20, 23, 26, 31], [1, 2, 3, 4, 10, 12, 13, 14, 15, 16, 21, 22, 24, 30]]
n:34 p:5 g:17 part:[[17, 34], [5, 7, 18, 27, 29, 33], [6, 9, 19, 25, 28, 32], [8, 11, 12, 20, 22, 23, 26, 31], [1, 2, 3, 4, 10, 13, 14, 15, 16, 21, 24, 30]]
n:34 p:5 g:17 part:[[17, 34], [5, 7, 18, 27, 29, 33], [6, 9, 19, 25, 28, 32], [8, 11, 12, 20, 22, 23, 26, 31], [1, 2, 3, 4, 10, 13, 14, 15, 16, 21, 24, 30]]
n:34 p:5 g:17 part:[[17, 34], [5, 7, 18, 27, 29, 33], [6, 9, 11, 19, 23, 25, 28, 32], [8, 10, 12, 20, 22, 24, 26, 31], [1, 2, 3, 4, 13, 14, 15, 16, 21, 30]]
n:34 p:5 g:17 part:[[17, 34], [8, 11, 20, 23, 26, 31], [5, 7, 9, 18, 25, 27, 29, 33], [6, 10, 12, 19, 22, 24, 28, 32], [1, 2, 3, 4, 13, 14, 15, 16, 21, 30]]
n:34 p:5 g:17 part:[[5, 17, 29, 34], [6, 18, 28, 33], [7, 19, 27, 32], [8, 20, 26, 31], [1, 2, 3, 4, 9, 10, 11, 12, 13, 14, 15, 16, 21, 22, 23, 24, 25, 30]]
n:34 p:5 g:17 part:[[5, 17, 29, 34], [6, 18, 28, 33], [7, 19, 27, 32], [8, 10, 20, 24, 26, 31], [1, 2, 3, 4, 9, 11, 12, 13, 14, 15, 16, 21, 22, 23, 25, 30]]
n:34 p:5 g:17 part:[[5, 17, 29, 34], [6, 18, 28, 33], [7, 19, 27, 32], [8, 10, 12, 20, 22, 24, 26, 31], [1, 2, 3, 4, 9, 11, 13, 14, 15, 16, 21, 23, 25, 30]]
n:34 p:5 g:17 part:[[5, 17, 29, 34], [6, 18, 28, 33], [7, 19, 27, 32], [8, 10, 11, 12, 20, 22, 23, 24, 26, 31], [1, 2, 3, 4, 9, 13, 14, 15, 16, 21, 25, 30]]
n:34 p:5 g:17 part:[[5, 17, 29, 34], [6, 18, 28, 33], [7, 9, 19, 25, 27, 32], [8, 11, 20, 23, 26, 31], [1, 2, 3, 4, 10, 12, 13, 14, 15, 16, 21, 22, 24, 30]]
n:34 p:5 g:17 part:[[5, 17, 29, 34], [6, 18, 28, 33], [7, 9, 19, 25, 27, 32], [8, 11, 12, 20, 22, 23, 26, 31], [1, 2, 3, 4, 10, 13, 14, 15, 16, 21, 24, 30]]
n:34 p:5 g:17 part:[[5, 17, 29, 34], [6, 18, 28, 33], [7, 9, 19, 25, 27, 32], [8, 11, 12, 20, 22, 23, 26, 31], [1, 2, 3, 4, 10, 13, 14, 15, 16, 21, 24, 30]]
n:34 p:5 g:17 part:[[5, 17, 29, 34], [6, 18, 28, 33], [7, 9, 11, 19, 23, 25, 27, 32], [8, 10, 12, 20, 22, 24, 26, 31], [1, 2, 3, 4, 13, 14, 15, 16, 21, 30]]
n:34 p:5 g:17 part:[[5, 17, 29, 34], [6, 8, 18, 26, 28, 33], [7, 10, 19, 24, 27, 32], [9, 12, 20, 22, 25, 31], [1, 2, 3, 4, 11, 13, 14, 15, 16, 21, 23, 30]]
n:34 p:5 g:17 part:[[5, 17, 29, 34], [6, 8, 18, 26, 28, 33], [7, 10, 19, 24, 27, 32], [9, 11, 12, 20, 22, 23, 25, 31], [1, 2, 3, 4, 13, 14, 15, 16, 21, 30]]
n:34 p:5 g:17 part:[[5, 17, 29, 34], [6, 8, 18, 26, 28, 33], [9, 11, 20, 23, 25, 31], [7, 10, 12, 19, 22, 24, 27, 32], [1, 2, 3, 4, 13, 14, 15, 16, 21, 30]]
n:34 p:5 g:17 part:[[5, 7, 17, 27, 29, 34], [6, 9, 18, 25, 28, 33], [8, 11, 19, 23, 26, 32], [10, 12, 20, 22, 24, 31], [1, 2, 3, 4, 13, 14, 15, 16, 21, 30]]
n:34 p:5 g:17 part:[[5, 7, 17, 27, 29, 34], [6, 9, 18, 25, 28, 33], [8, 11, 19, 23, 26, 32], [10, 12, 20, 22, 24, 31], [1, 2, 3, 4, 13, 14, 15, 16, 21, 30]]
n:34 p:3 g:17 part:[[17, 34], [18, 33], [1, 2, 3, 4, 5, 6, 7, 8, 9, 10, 11, 12, 13, 14, 15, 16, 19, 20, 21, 22, 23, 24, 25, 26, 27, 28, 29, 30, 31, 32]]
n:34 p:3 g:17 part:[[17, 34], [3, 18, 31, 33], [1, 2, 4, 5, 6, 7, 8, 9, 10, 11, 12, 13, 14, 15, 16, 19, 20, 21, 22, 23, 24, 25, 26, 27, 28, 29, 30, 32]]
n:34 p:3 g:17 part:[[17, 34], [3, 5, 18, 29, 31, 33], [1, 2, 4, 6, 7, 8, 9, 10, 11, 12, 13, 14, 15, 16, 19, 20, 21, 22, 23, 24, 25, 26, 27, 28, 30, 32]]
n:34 p:3 g:17 part:[[17, 34], [3, 5, 7, 18, 27, 29, 31, 33], [1, 2, 4, 6, 8, 9, 10, 11, 12, 13, 14, 15, 16, 19, 20, 21, 22, 23, 24, 25, 26, 28, 30, 32]]
n:34 p:3 g:17 part:[[17, 34], [3, 5, 7, 9, 18, 25, 27, 29, 31, 33], [1, 2, 4, 6, 8, 10, 11, 12, 13, 14, 15, 16, 19, 20, 21, 22, 23, 24, 26, 28, 30, 32]]
n:34 p:3 g:17 part:[[17, 34], [3, 5, 7, 9, 11, 18, 23, 25, 27, 29, 31, 33], [1, 2, 4, 6, 8, 10, 12, 13, 14, 15, 16, 19, 20, 21, 22, 24, 26, 28, 30, 32]]
n:34 p:3 g:17 part:[[17, 34], [3, 5, 7, 9, 11, 13, 18, 21, 23, 25, 27, 29, 31, 33], [1, 2, 4, 6, 8, 10, 12, 14, 15, 16, 19, 20, 22, 24, 26, 28, 30, 32]]
n:34 p:3 g:17 part:[[17, 34], [3, 5, 7, 9, 11, 13, 14, 18, 20, 21, 23, 25, 27, 29, 31, 33], [1, 2, 4, 6, 8, 10, 12, 15, 16, 19, 22, 24, 26, 28, 30, 32]]
n:34 p:3 g:17 part:[[3, 17, 31, 34], [4, 18, 30, 33], [1, 2, 5, 6, 7, 8, 9, 10, 11, 12, 13, 14, 15, 16, 19, 20, 21, 22, 23, 24, 25, 26, 27, 28, 29, 32]]
n:34 p:3 g:17 part:[[3, 17, 31, 34], [4, 6, 18, 28, 30, 33], [1, 2, 5, 7, 8, 9, 10, 11, 12, 13, 14, 15, 16, 19, 20, 21, 22, 23, 24, 25, 26, 27, 29, 32]]
n:34 p:3 g:17 part:[[3, 17, 31, 34], [4, 6, 8, 18, 26, 28, 30, 33], [1, 2, 5, 7, 9, 10, 11, 12, 13, 14, 15, 16, 19, 20, 21, 22, 23, 24, 25, 27, 29, 32]]
n:34 p:3 g:17 part:[[3, 17, 31, 34], [4, 6, 8, 10, 18, 24, 26, 28, 30, 33], [1, 2, 5, 7, 9, 11, 12, 13, 14, 15, 16, 19, 20, 21, 22, 23, 25, 27, 29, 32]]
n:34 p:3 g:17 part:[[3, 17, 31, 34], [4, 6, 8, 10, 12, 18, 22, 24, 26, 28, 30, 33], [1, 2, 5, 7, 9, 11, 13, 14, 15, 16, 19, 20, 21, 23, 25, 27, 29, 32]]
n:34 p:3 g:17 part:[[3, 17, 31, 34], [4, 6, 8, 10, 12, 14, 18, 20, 22, 24, 26, 28, 30, 33], [1, 2, 5, 7, 9, 11, 13, 15, 16, 19, 21, 23, 25, 27, 29, 32]]
n:34 p:3 g:17 part:[[3, 5, 17, 29, 31, 34], [4, 7, 18, 27, 30, 33], [1, 2, 6, 8, 9, 10, 11, 12, 13, 14, 15, 16, 19, 20, 21, 22, 23, 24, 25, 26, 28, 32]]
n:34 p:3 g:17 part:[[3, 5, 17, 29, 31, 34], [4, 7, 9, 18, 25, 27, 30, 33], [1, 2, 6, 8, 10, 11, 12, 13, 14, 15, 16, 19, 20, 21, 22, 23, 24, 26, 28, 32]]
n:34 p:3 g:17 part:[[3, 5, 17, 29, 31, 34], [4, 7, 9, 11, 18, 23, 25, 27, 30, 33], [1, 2, 6, 8, 10, 12, 13, 14, 15, 16, 19, 20, 21, 22, 24, 26, 28, 32]]
n:34 p:3 g:17 part:[[3, 5, 17, 29, 31, 34], [4, 7, 9, 11, 13, 18, 21, 23, 25, 27, 30, 33], [1, 2, 6, 8, 10, 12, 14, 15, 16, 19, 20, 22, 24, 26, 28, 32]]
n:34 p:3 g:17 part:[[3, 5, 17, 29, 31, 34], [4, 7, 9, 11, 13, 14, 18, 20, 21, 23, 25, 27, 30, 33], [1, 2, 6, 8, 10, 12, 15, 16, 19, 22, 24, 26, 28, 32]]
n:34 p:3 g:17 part:[[3, 5, 7, 17, 27, 29, 31, 34], [4, 8, 10, 18, 24, 26, 30, 33], [1, 2, 6, 9, 11, 12, 13, 14, 15, 16, 19, 20, 21, 22, 23, 25, 28, 32]]
n:34 p:3 g:17 part:[[3, 5, 7, 17, 27, 29, 31, 34], [4, 8, 10, 12, 18, 22, 24, 26, 30, 33], [1, 2, 6, 9, 11, 13, 14, 15, 16, 19, 20, 21, 23, 25, 28, 32]]
n:34 p:3 g:17 part:[[3, 5, 7, 17, 27, 29, 31, 34], [4, 8, 10, 12, 14, 18, 20, 22, 24, 26, 30, 33], [1, 2, 6, 9, 11, 13, 15, 16, 19, 21, 23, 25, 28, 32]]
n:34 p:3 g:17 part:[[3, 5, 7, 9, 17, 25, 27, 29, 31, 34], [4, 8, 11, 13, 18, 21, 23, 26, 30, 33], [1, 2, 6, 10, 12, 14, 15, 16, 19, 20, 22, 24, 28, 32]]
n:34 p:3 g:17 part:[[3, 5, 7, 9, 17, 25, 27, 29, 31, 34], [4, 8, 11, 13, 14, 18, 20, 21, 23, 26, 30, 33], [1, 2, 6, 10, 12, 15, 16, 19, 22, 24, 28, 32]]
n:34 p:1 g:17 part:[[1, 2, 3, 4, 5, 6, 7, 8, 9, 10, 11, 12, 13, 14, 15, 16, 17, 18, 19, 20, 21, 22, 23, 24, 25, 26, 27, 28, 29, 30, 31, 32, 33, 34]]
