Generating partitions.
---------------------------------------------------------------------------------------------------------
n:38 p:19 g:1 part:[[1, 38], [2, 37], [3, 36], [4, 35], [5, 34], [6, 33], [7, 32], [8, 31], [9, 30], [10, 29], [11, 28], [12, 27], [13, 26], [14, 25], [15, 24], [16, 23], [17, 22], [18, 21], [19, 20]]
n:38 p:19 g:3 part:[[3, 38], [4, 37], [5, 36], [6, 35], [7, 34], [8, 33], [9, 32], [10, 31], [11, 30], [12, 29], [13, 28], [14, 27], [15, 26], [16, 25], [17, 24], [18, 23], [19, 22], [20, 21], [1, 2]]
n:38 p:19 g:5 part:[[5, 38], [6, 37], [7, 36], [8, 35], [9, 34], [10, 33], [11, 32], [12, 31], [13, 30], [14, 29], [15, 28], [16, 27], [17, 26], [18, 25], [19, 24], [20, 23], [21, 22], [1, 4], [2, 3]]
n:38 p:19 g:7 part:[[7, 38], [8, 37], [9, 36], [10, 35], [11, 34], [12, 33], [13, 32], [14, 31], [15, 30], [16, 29], [17, 28], [18, 27], [19, 26], [20, 25], [21, 24], [22, 23], [1, 6], [2, 5], [3, 4]]
n:38 p:19 g:9 part:[[9, 38], [10, 37], [11, 36], [12, 35], [13, 34], [14, 33], [15, 32], [16, 31], [17, 30], [18, 29], [19, 28], [20, 27], [21, 26], [22, 25], [23, 24], [1, 8], [2, 7], [3, 6], [4, 5]]
n:38 p:19 g:11 part:[[11, 38], [12, 37], [13, 36], [14, 35], [15, 34], [16, 33], [17, 32], [18, 31], [19, 30], [20, 29], [21, 28], [22, 27], [23, 26], [24, 25], [1, 10], [2, 9], [3, 8], [4, 7], [5, 6]]
n:38 p:19 g:13 part:[[13, 38], [14, 37], [15, 36], [16, 35], [17, 34], [18, 33], [19, 32], [20, 31], [21, 30], [22, 29], [23, 28], [24, 27], [25, 26], [1, 12], [2, 11], [3, 10], [4, 9], [5, 8], [6, 7]]
n:38 p:19 g:15 part:[[15, 38], [16, 37], [17, 36], [18, 35], [19, 34], [20, 33], [21, 32], [22, 31], [23, 30], [24, 29], [25, 28], [26, 27], [1, 14], [2, 13], [3, 12], [4, 11], [5, 10], [6, 9], [7, 8]]
n:38 p:19 g:17 part:[[17, 38], [18, 37], [19, 36], [20, 35], [21, 34], [22, 33], [23, 32], [24, 31], [25, 30], [26, 29], [27, 28], [1, 16], [2, 15], [3, 14], [4, 13], [5, 12], [6, 11], [7, 10], [8, 9]]
n:38 p:19 g:19 part:[[19, 38], [20, 37], [21, 36], [22, 35], [23, 34], [24, 33], [25, 32], [26, 31], [27, 30], [28, 29], [1, 18], [2, 17], [3, 16], [4, 15], [5, 14], [6, 13], [7, 12], [8, 11], [9, 10]]
n:38 p:19 g:21 part:[[21, 38], [22, 37], [23, 36], [24, 35], [25, 34], [26, 33], [27, 32], [28, 31], [29, 30], [1, 20], [2, 19], [3, 18], [4, 17], [5, 16], [6, 15], [7, 14], [8, 13], [9, 12], [10, 11]]
n:38 p:19 g:23 part:[[23, 38], [24, 37], [25, 36], [26, 35], [27, 34], [28, 33], [29, 32], [30, 31], [1, 22], [2, 21], [3, 20], [4, 19], [5, 18], [6, 17], [7, 16], [8, 15], [9, 14], [10, 13], [11, 12]]
n:38 p:19 g:25 part:[[25, 38], [26, 37], [27, 36], [28, 35], [29, 34], [30, 33], [31, 32], [1, 24], [2, 23], [3, 22], [4, 21], [5, 20], [6, 19], [7, 18], [8, 17], [9, 16], [10, 15], [11, 14], [12, 13]]
n:38 p:19 g:27 part:[[27, 38], [28, 37], [29, 36], [30, 35], [31, 34], [32, 33], [1, 26], [2, 25], [3, 24], [4, 23], [5, 22], [6, 21], [7, 20], [8, 19], [9, 18], [10, 17], [11, 16], [12, 15], [13, 14]]
n:38 p:19 g:29 part:[[29, 38], [30, 37], [31, 36], [32, 35], [33, 34], [1, 28], [2, 27], [3, 26], [4, 25], [5, 24], [6, 23], [7, 22], [8, 21], [9, 20], [10, 19], [11, 18], [12, 17], [13, 16], [14, 15]]
n:38 p:19 g:31 part:[[31, 38], [32, 37], [33, 36], [34, 35], [1, 30], [2, 29], [3, 28], [4, 27], [5, 26], [6, 25], [7, 24], [8, 23], [9, 22], [10, 21], [11, 20], [12, 19], [13, 18], [14, 17], [15, 16]]
n:38 p:19 g:33 part:[[33, 38], [34, 37], [35, 36], [1, 32], [2, 31], [3, 30], [4, 29], [5, 28], [6, 27], [7, 26], [8, 25], [9, 24], [10, 23], [11, 22], [12, 21], [13, 20], [14, 19], [15, 18], [16, 17]]
n:38 p:19 g:35 part:[[35, 38], [36, 37], [1, 34], [2, 33], [3, 32], [4, 31], [5, 30], [6, 29], [7, 28], [8, 27], [9, 26], [10, 25], [11, 24], [12, 23], [13, 22], [14, 21], [15, 20], [16, 19], [17, 18]]
n:38 p:19 g:37 part:[[37, 38], [1, 36], [2, 35], [3, 34], [4, 33], [5, 32], [6, 31], [7, 30], [8, 29], [9, 28], [10, 27], [11, 26], [12, 25], [13, 24], [14, 23], [15, 22], [16, 21], [17, 20], [18, 19]]
n:38 p:17 g:19 part:[[19, 38], [20, 37], [21, 36], [22, 35], [23, 34], [24, 33], [25, 32], [26, 31], [27, 30], [28, 29], [1, 18], [2, 17], [3, 16], [4, 15], [5, 14], [6, 13], [7, 8, 9, 10, 11, 12]]
n:38 p:17 g:19 part:[[19, 38], [20, 37], [21, 36], [22, 35], [23, 34], [24, 33], [25, 32], [26, 31], [27, 30], [28, 29], [1, 18], [2, 17], [3, 16], [4, 15], [5, 14], [6, 13], [7, 8, 9, 10, 11, 12]]
n:38 p:15 g:19 part:[[19, 38], [20, 37], [21, 36], [22, 35], [23, 34], [24, 33], [25, 32], [26, 31], [27, 30], [28, 29], [1, 18], [2, 17], [3, 16], [4, 15], [5, 6, 7, 8, 9, 10, 11, 12, 13, 14]]
n:38 p:15 g:19 part:[[19, 38], [20, 37], [21, 36], [22, 35], [23, 34], [24, 33], [25, 32], [26, 31], [27, 30], [28, 29], [1, 18], [2, 17], [3, 16], [4, 15], [5, 6, 7, 8, 9, 10, 11, 12, 13, 14]]
n:38 p:15 g:19 part:[[19, 38], [20, 37], [21, 36], [22, 35], [23, 34], [24, 33], [25, 32], [26, 31], [27, 30], [28, 29], [1, 18], [2, 17], [3, 16], [4, 15], [5, 6, 7, 8, 9, 10, 11, 12, 13, 14]]
n:38 p:15 g:19 part:[[19, 38], [20, 37], [21, 36], [22, 35], [23, 34], [24, 33], [25, 32], [26, 31], [27, 30], [28, 29], [1, 18], [2, 17], [3, 16], [4, 15], [5, 6, 7, 8, 9, 10, 11, 12, 13, 14]]
n:38 p:15 g:19 part:[[19, 38], [20, 37], [21, 36], [22, 35], [23, 34], [24, 33], [25, 32], [26, 31], [27, 30], [28, 29], [1, 18], [2, 17], [3, 16], [4, 15], [5, 6, 7, 8, 9, 10, 11, 12, 13, 14]]
n:38 p:13 g:19 part:[[19, 38], [20, 37], [21, 36], [22, 35], [23, 34], [24, 33], [25, 32], [26, 31], [27, 30], [28, 29], [1, 18], [2, 17], [3, 4, 5, 6, 7, 8, 9, 10, 11, 12, 13, 14, 15, 16]]
n:38 p:13 g:19 part:[[19, 38], [20, 37], [21, 36], [22, 35], [23, 34], [24, 33], [25, 32], [26, 31], [27, 30], [28, 29], [1, 18], [2, 17], [3, 4, 5, 6, 7, 8, 9, 10, 11, 12, 13, 14, 15, 16]]
n:38 p:13 g:19 part:[[19, 38], [20, 37], [21, 36], [22, 35], [23, 34], [24, 33], [25, 32], [26, 31], [27, 30], [28, 29], [1, 18], [2, 17], [3, 4, 5, 6, 7, 8, 9, 10, 11, 12, 13, 14, 15, 16]]
n:38 p:13 g:19 part:[[19, 38], [20, 37], [21, 36], [22, 35], [23, 34], [24, 33], [25, 32], [26, 31], [27, 30], [28, 29], [1, 18], [2, 17], [3, 4, 5, 6, 7, 8, 9, 10, 11, 12, 13, 14, 15, 16]]
n:38 p:13 g:19 part:[[19, 38], [20, 37], [21, 36], [22, 35], [23, 34], [24, 33], [25, 32], [26, 31], [27, 30], [28, 29], [1, 18], [2, 17], [3, 4, 5, 6, 7, 8, 9, 10, 11, 12, 13, 14, 15, 16]]
n:38 p:13 g:19 part:[[19, 38], [20, 37], [21, 36], [22, 35], [23, 34], [24, 33], [25, 32], [26, 31], [27, 30], [28, 29], [1, 18], [2, 17], [3, 4, 5, 6, 7, 8, 9, 10, 11, 12, 13, 14, 15, 16]]
n:38 p:13 g:19 part:[[19, 38], [20, 37], [21, 36], [22, 35], [23, 34], [24, 33], [25, 32], [26, 31], [27, 30], [28, 29], [1, 18], [2, 17], [3, 4, 5, 6, 7, 8, 9, 10, 11, 12, 13, 14, 15, 16]]
n:38 p:13 g:19 part:[[19, 38], [20, 37], [21, 36], [22, 35], [23, 34], [24, 33], [25, 32], [26, 31], [27, 30], [28, 29], [1, 18], [2, 17], [3, 4, 5, 6, 7, 8, 9, 10, 11, 12, 13, 14, 15, 16]]
n:38 p:13 g:19 part:[[19, 38], [20, 37], [21, 36], [22, 35], [23, 34], [24, 33], [25, 32], [26, 31], [27, 30], [28, 29], [1, 18], [2, 17], [3, 4, 5, 6, 7, 8, 9, 10, 11, 12, 13, 14, 15, 16]]
n:38 p:13 g:19 part:[[19, 38], [20, 37], [21, 36], [22, 35], [23, 34], [24, 33], [25, 32], [26, 31], [27, 30], [28, 29], [1, 18], [2, 17], [3, 4, 5, 6, 7, 8, 9, 10, 11, 12, 13, 14, 15, 16]]
n:38 p:13 g:19 part:[[19, 38], [20, 37], [21, 36], [22, 35], [23, 34], [24, 33], [25, 32], [26, 31], [27, 30], [28, 29], [1, 18], [2, 17], [3, 4, 5, 6, 7, 8, 9, 10, 11, 12, 13, 14, 15, 16]]
n:38 p:11 g:19 part:[[19, 38], [20, 37], [21, 36], [22, 35], [23, 34], [24, 33], [25, 32], [26, 31], [27, 30], [28, 29], [1, 2, 3, 4, 5, 6, 7, 8, 9, 10, 11, 12, 13, 14, 15, 16, 17, 18]]
n:38 p:11 g:19 part:[[19, 38], [20, 37], [21, 36], [22, 35], [23, 34], [24, 33], [25, 32], [26, 31], [27, 30], [28, 29], [1, 2, 3, 4, 5, 6, 7, 8, 9, 10, 11, 12, 13, 14, 15, 16, 17, 18]]
n:38 p:11 g:19 part:[[19, 38], [20, 37], [21, 36], [22, 35], [23, 34], [24, 33], [25, 32], [26, 31], [27, 30], [28, 29], [1, 2, 3, 4, 5, 6, 7, 8, 9, 10, 11, 12, 13, 14, 15, 16, 17, 18]]
n:38 p:11 g:19 part:[[19, 38], [20, 37], [21, 36], [22, 35], [23, 34], [24, 33], [25, 32], [26, 31], [27, 30], [28, 29], [1, 2, 3, 4, 5, 6, 7, 8, 9, 10, 11, 12, 13, 14, 15, 16, 17, 18]]
n:38 p:11 g:19 part:[[19, 38], [20, 37], [21, 36], [22, 35], [23, 34], [24, 33], [25, 32], [26, 31], [27, 30], [28, 29], [1, 2, 3, 4, 5, 6, 7, 8, 9, 10, 11, 12, 13, 14, 15, 16, 17, 18]]
n:38 p:11 g:19 part:[[19, 38], [20, 37], [21, 36], [22, 35], [23, 34], [24, 33], [25, 32], [26, 31], [27, 30], [28, 29], [1, 2, 3, 4, 5, 6, 7, 8, 9, 10, 11, 12, 13, 14, 15, 16, 17, 18]]
n:38 p:11 g:19 part:[[19, 38], [20, 37], [21, 36], [22, 35], [23, 34], [24, 33], [25, 32], [26, 31], [27, 30], [28, 29], [1, 2, 3, 4, 5, 6, 7, 8, 9, 10, 11, 12, 13, 14, 15, 16, 17, 18]]
n:38 p:11 g:19 part:[[19, 38], [20, 37], [21, 36], [22, 35], [23, 34], [24, 33], [25, 32], [26, 31], [27, 30], [28, 29], [1, 2, 3, 4, 5, 6, 7, 8, 9, 10, 11, 12, 13, 14, 15, 16, 17, 18]]
n:38 p:11 g:19 part:[[19, 38], [20, 37], [21, 36], [22, 35], [23, 34], [24, 33], [25, 32], [26, 31], [27, 30], [28, 29], [1, 2, 3, 4, 5, 6, 7, 8, 9, 10, 11, 12, 13, 14, 15, 16, 17, 18]]
n:38 p:11 g:19 part:[[19, 38], [20, 37], [21, 36], [22, 35], [23, 34], [24, 33], [25, 32], [26, 31], [27, 30], [28, 29], [1, 2, 3, 4, 5, 6, 7, 8, 9, 10, 11, 12, 13, 14, 15, 16, 17, 18]]
n:38 p:11 g:19 part:[[19, 38], [20, 37], [21, 36], [22, 35], [23, 34], [24, 33], [25, 32], [26, 31], [27, 30], [28, 29], [1, 2, 3, 4, 5, 6, 7, 8, 9, 10, 11, 12, 13, 14, 15, 16, 17, 18]]
n:38 p:11 g:19 part:[[19, 38], [20, 37], [21, 36], [22, 35], [23, 34], [24, 33], [25, 32], [26, 31], [27, 30], [28, 29], [1, 2, 3, 4, 5, 6, 7, 8, 9, 10, 11, 12, 13, 14, 15, 16, 17, 18]]
n:38 p:11 g:19 part:[[19, 38], [20, 37], [21, 36], [22, 35], [23, 34], [24, 33], [25, 32], [26, 31], [27, 30], [28, 29], [1, 2, 3, 4, 5, 6, 7, 8, 9, 10, 11, 12, 13, 14, 15, 16, 17, 18]]
n:38 p:11 g:19 part:[[19, 38], [20, 37], [21, 36], [22, 35], [23, 34], [24, 33], [25, 32], [26, 31], [27, 30], [28, 29], [1, 2, 3, 4, 5, 6, 7, 8, 9, 10, 11, 12, 13, 14, 15, 16, 17, 18]]
n:38 p:11 g:19 part:[[19, 38], [20, 37], [21, 36], [22, 35], [23, 34], [24, 33], [25, 32], [26, 31], [27, 30], [28, 29], [1, 2, 3, 4, 5, 6, 7, 8, 9, 10, 11, 12, 13, 14, 15, 16, 17, 18]]
n:38 p:11 g:19 part:[[19, 38], [20, 37], [21, 36], [22, 35], [23, 34], [24, 33], [25, 32], [26, 31], [27, 30], [28, 29], [1, 2, 3, 4, 5, 6, 7, 8, 9, 10, 11, 12, 13, 14, 15, 16, 17, 18]]
n:38 p:11 g:19 part:[[19, 38], [20, 37], [21, 36], [22, 35], [23, 34], [24, 33], [25, 32], [26, 31], [27, 30], [28, 29], [1, 2, 3, 4, 5, 6, 7, 8, 9, 10, 11, 12, 13, 14, 15, 16, 17, 18]]
n:38 p:11 g:19 part:[[19, 38], [20, 37], [21, 36], [22, 35], [23, 34], [24, 33], [25, 32], [26, 31], [27, 30], [28, 29], [1, 2, 3, 4, 5, 6, 7, 8, 9, 10, 11, 12, 13, 14, 15, 16, 17, 18]]
n:38 p:11 g:19 part:[[19, 38], [20, 37], [21, 36], [22, 35], [23, 34], [24, 33], [25, 32], [26, 31], [27, 30], [28, 29], [1, 2, 3, 4, 5, 6, 7, 8, 9, 10, 11, 12, 13, 14, 15, 16, 17, 18]]
n:38 p:11 g:19 part:[[19, 38], [20, 37], [21, 36], [22, 35], [23, 34], [24, 33], [25, 32], [26, 31], [27, 30], [28, 29], [1, 2, 3, 4, 5, 6, 7, 8, 9, 10, 11, 12, 13, 14, 15, 16, 17, 18]]
n:38 p:11 g:19 part:[[19, 38], [20, 37], [21, 36], [22, 35], [23, 34], [24, 33], [25, 32], [26, 31], [27, 30], [28, 29], [1, 2, 3, 4, 5, 6, 7, 8, 9, 10, 11, 12, 13, 14, 15, 16, 17, 18]]
n:38 p:11 g:19 part:[[19, 38], [20, 37], [21, 36], [22, 35], [23, 34], [24, 33], [25, 32], [26, 31], [27, 30], [28, 29], [1, 2, 3, 4, 5, 6, 7, 8, 9, 10, 11, 12, 13, 14, 15, 16, 17, 18]]
n:38 p:9 g:19 part:[[19, 38], [20, 37], [21, 36], [22, 35], [23, 34], [24, 33], [25, 32], [26, 31], [1, 2, 3, 4, 5, 6, 7, 8, 9, 10, 11, 12, 13, 14, 15, 16, 17, 18, 27, 28, 29, 30]]
n:38 p:9 g:19 part:[[19, 38], [20, 37], [21, 36], [22, 35], [23, 34], [24, 33], [25, 32], [9, 26, 29, 31], [1, 2, 3, 4, 5, 6, 7, 8, 10, 11, 12, 13, 14, 15, 16, 17, 18, 27, 28, 30]]
n:38 p:9 g:19 part:[[19, 38], [20, 37], [21, 36], [22, 35], [23, 34], [24, 33], [25, 32], [9, 10, 26, 28, 29, 31], [1, 2, 3, 4, 5, 6, 7, 8, 11, 12, 13, 14, 15, 16, 17, 18, 27, 30]]
n:38 p:9 g:19 part:[[19, 38], [20, 37], [21, 36], [22, 35], [23, 34], [24, 33], [25, 32], [9, 10, 26, 28, 29, 31], [1, 2, 3, 4, 5, 6, 7, 8, 11, 12, 13, 14, 15, 16, 17, 18, 27, 30]]
n:38 p:9 g:19 part:[[19, 38], [20, 37], [21, 36], [22, 35], [23, 34], [24, 33], [25, 32], [9, 10, 26, 28, 29, 31], [1, 2, 3, 4, 5, 6, 7, 8, 11, 12, 13, 14, 15, 16, 17, 18, 27, 30]]
n:38 p:9 g:19 part:[[19, 38], [20, 37], [21, 36], [22, 35], [23, 34], [24, 33], [25, 32], [9, 10, 26, 28, 29, 31], [1, 2, 3, 4, 5, 6, 7, 8, 11, 12, 13, 14, 15, 16, 17, 18, 27, 30]]
n:38 p:9 g:19 part:[[19, 38], [20, 37], [21, 36], [22, 35], [23, 34], [24, 33], [9, 25, 29, 32], [10, 26, 28, 31], [1, 2, 3, 4, 5, 6, 7, 8, 11, 12, 13, 14, 15, 16, 17, 18, 27, 30]]
n:38 p:9 g:19 part:[[19, 38], [20, 37], [21, 36], [22, 35], [23, 34], [24, 33], [9, 25, 29, 32], [10, 26, 28, 31], [1, 2, 3, 4, 5, 6, 7, 8, 11, 12, 13, 14, 15, 16, 17, 18, 27, 30]]
n:38 p:9 g:19 part:[[19, 38], [20, 37], [21, 36], [22, 35], [23, 34], [24, 33], [9, 25, 29, 32], [10, 26, 28, 31], [1, 2, 3, 4, 5, 6, 7, 8, 11, 12, 13, 14, 15, 16, 17, 18, 27, 30]]
n:38 p:9 g:19 part:[[19, 38], [20, 37], [21, 36], [22, 35], [23, 34], [24, 33], [9, 25, 29, 32], [10, 26, 28, 31], [1, 2, 3, 4, 5, 6, 7, 8, 11, 12, 13, 14, 15, 16, 17, 18, 27, 30]]
n:38 p:9 g:19 part:[[19, 38], [20, 37], [21, 36], [22, 35], [23, 34], [24, 33], [26, 31], [9, 10, 25, 28, 29, 32], [1, 2, 3, 4, 5, 6, 7, 8, 11, 12, 13, 14, 15, 16, 17, 18, 27, 30]]
n:38 p:9 g:19 part:[[19, 38], [20, 37], [21, 36], [22, 35], [23, 34], [24, 33], [26, 31], [9, 10, 25, 28, 29, 32], [1, 2, 3, 4, 5, 6, 7, 8, 11, 12, 13, 14, 15, 16, 17, 18, 27, 30]]
n:38 p:9 g:19 part:[[19, 38], [20, 37], [21, 36], [22, 35], [23, 34], [24, 33], [26, 31], [9, 10, 25, 28, 29, 32], [1, 2, 3, 4, 5, 6, 7, 8, 11, 12, 13, 14, 15, 16, 17, 18, 27, 30]]
n:38 p:9 g:19 part:[[19, 38], [20, 37], [21, 36], [22, 35], [23, 34], [24, 33], [26, 31], [9, 10, 25, 28, 29, 32], [1, 2, 3, 4, 5, 6, 7, 8, 11, 12, 13, 14, 15, 16, 17, 18, 27, 30]]
n:38 p:9 g:19 part:[[19, 38], [20, 37], [21, 36], [22, 35], [23, 34], [26, 31], [9, 24, 29, 33], [10, 25, 28, 32], [1, 2, 3, 4, 5, 6, 7, 8, 11, 12, 13, 14, 15, 16, 17, 18, 27, 30]]
n:38 p:9 g:19 part:[[19, 38], [20, 37], [21, 36], [22, 35], [23, 34], [26, 31], [9, 24, 29, 33], [10, 25, 28, 32], [1, 2, 3, 4, 5, 6, 7, 8, 11, 12, 13, 14, 15, 16, 17, 18, 27, 30]]
n:38 p:9 g:19 part:[[19, 38], [20, 37], [21, 36], [22, 35], [23, 34], [26, 31], [9, 24, 29, 33], [10, 25, 28, 32], [1, 2, 3, 4, 5, 6, 7, 8, 11, 12, 13, 14, 15, 16, 17, 18, 27, 30]]
n:38 p:9 g:19 part:[[19, 38], [20, 37], [21, 36], [22, 35], [23, 34], [26, 31], [9, 24, 29, 33], [10, 25, 28, 32], [1, 2, 3, 4, 5, 6, 7, 8, 11, 12, 13, 14, 15, 16, 17, 18, 27, 30]]
n:38 p:9 g:19 part:[[19, 38], [20, 37], [21, 36], [22, 35], [23, 34], [26, 31], [9, 24, 29, 33], [10, 25, 28, 32], [1, 2, 3, 4, 5, 6, 7, 8, 11, 12, 13, 14, 15, 16, 17, 18, 27, 30]]
n:38 p:9 g:19 part:[[19, 38], [20, 37], [21, 36], [22, 35], [23, 34], [26, 31], [9, 24, 29, 33], [10, 25, 28, 32], [1, 2, 3, 4, 5, 6, 7, 8, 11, 12, 13, 14, 15, 16, 17, 18, 27, 30]]
n:38 p:9 g:19 part:[[19, 38], [20, 37], [21, 36], [22, 35], [23, 34], [26, 31], [9, 24, 29, 33], [10, 25, 28, 32], [1, 2, 3, 4, 5, 6, 7, 8, 11, 12, 13, 14, 15, 16, 17, 18, 27, 30]]
n:38 p:9 g:19 part:[[19, 38], [20, 37], [21, 36], [22, 35], [23, 34], [25, 32], [26, 31], [9, 10, 24, 28, 29, 33], [1, 2, 3, 4, 5, 6, 7, 8, 11, 12, 13, 14, 15, 16, 17, 18, 27, 30]]
n:38 p:9 g:19 part:[[19, 38], [20, 37], [21, 36], [22, 35], [23, 34], [25, 32], [26, 31], [9, 10, 24, 28, 29, 33], [1, 2, 3, 4, 5, 6, 7, 8, 11, 12, 13, 14, 15, 16, 17, 18, 27, 30]]
n:38 p:9 g:19 part:[[19, 38], [20, 37], [21, 36], [22, 35], [25, 32], [26, 31], [9, 23, 29, 34], [10, 24, 28, 33], [1, 2, 3, 4, 5, 6, 7, 8, 11, 12, 13, 14, 15, 16, 17, 18, 27, 30]]
n:38 p:9 g:19 part:[[19, 38], [20, 37], [21, 36], [22, 35], [25, 32], [26, 31], [9, 23, 29, 34], [10, 24, 28, 33], [1, 2, 3, 4, 5, 6, 7, 8, 11, 12, 13, 14, 15, 16, 17, 18, 27, 30]]
n:38 p:9 g:19 part:[[19, 38], [20, 37], [21, 36], [22, 35], [25, 32], [26, 31], [9, 23, 29, 34], [10, 24, 28, 33], [1, 2, 3, 4, 5, 6, 7, 8, 11, 12, 13, 14, 15, 16, 17, 18, 27, 30]]
n:38 p:9 g:19 part:[[19, 38], [20, 37], [21, 36], [22, 35], [25, 32], [26, 31], [9, 23, 29, 34], [10, 24, 28, 33], [1, 2, 3, 4, 5, 6, 7, 8, 11, 12, 13, 14, 15, 16, 17, 18, 27, 30]]
n:38 p:9 g:19 part:[[19, 38], [20, 37], [21, 36], [22, 35], [25, 32], [26, 31], [9, 23, 29, 34], [10, 24, 28, 33], [1, 2, 3, 4, 5, 6, 7, 8, 11, 12, 13, 14, 15, 16, 17, 18, 27, 30]]
n:38 p:9 g:19 part:[[19, 38], [20, 37], [21, 36], [22, 35], [25, 32], [26, 31], [9, 23, 29, 34], [10, 24, 28, 33], [1, 2, 3, 4, 5, 6, 7, 8, 11, 12, 13, 14, 15, 16, 17, 18, 27, 30]]
n:38 p:9 g:19 part:[[19, 38], [20, 37], [21, 36], [22, 35], [24, 33], [25, 32], [26, 31], [9, 10, 23, 28, 29, 34], [1, 2, 3, 4, 5, 6, 7, 8, 11, 12, 13, 14, 15, 16, 17, 18, 27, 30]]
n:38 p:9 g:19 part:[[19, 38], [20, 37], [21, 36], [24, 33], [25, 32], [26, 31], [9, 22, 29, 35], [10, 23, 28, 34], [1, 2, 3, 4, 5, 6, 7, 8, 11, 12, 13, 14, 15, 16, 17, 18, 27, 30]]
n:38 p:9 g:19 part:[[19, 38], [20, 37], [21, 36], [24, 33], [25, 32], [26, 31], [9, 22, 29, 35], [10, 23, 28, 34], [1, 2, 3, 4, 5, 6, 7, 8, 11, 12, 13, 14, 15, 16, 17, 18, 27, 30]]
n:38 p:9 g:19 part:[[19, 38], [20, 37], [21, 36], [24, 33], [25, 32], [26, 31], [9, 22, 29, 35], [10, 23, 28, 34], [1, 2, 3, 4, 5, 6, 7, 8, 11, 12, 13, 14, 15, 16, 17, 18, 27, 30]]
n:38 p:9 g:19 part:[[19, 38], [20, 37], [21, 36], [24, 33], [25, 32], [26, 31], [9, 22, 29, 35], [10, 23, 28, 34], [1, 2, 3, 4, 5, 6, 7, 8, 11, 12, 13, 14, 15, 16, 17, 18, 27, 30]]
n:38 p:9 g:19 part:[[19, 38], [20, 37], [21, 36], [24, 33], [25, 32], [26, 31], [9, 22, 29, 35], [10, 23, 28, 34], [1, 2, 3, 4, 5, 6, 7, 8, 11, 12, 13, 14, 15, 16, 17, 18, 27, 30]]
n:38 p:9 g:19 part:[[19, 38], [20, 37], [23, 34], [24, 33], [25, 32], [26, 31], [9, 21, 29, 36], [10, 22, 28, 35], [1, 2, 3, 4, 5, 6, 7, 8, 11, 12, 13, 14, 15, 16, 17, 18, 27, 30]]
n:38 p:9 g:19 part:[[19, 38], [20, 37], [23, 34], [24, 33], [25, 32], [26, 31], [9, 21, 29, 36], [10, 22, 28, 35], [1, 2, 3, 4, 5, 6, 7, 8, 11, 12, 13, 14, 15, 16, 17, 18, 27, 30]]
n:38 p:9 g:19 part:[[19, 38], [20, 37], [23, 34], [24, 33], [25, 32], [26, 31], [9, 21, 29, 36], [10, 22, 28, 35], [1, 2, 3, 4, 5, 6, 7, 8, 11, 12, 13, 14, 15, 16, 17, 18, 27, 30]]
n:38 p:9 g:19 part:[[19, 38], [22, 35], [23, 34], [24, 33], [25, 32], [26, 31], [9, 20, 29, 37], [10, 21, 28, 36], [1, 2, 3, 4, 5, 6, 7, 8, 11, 12, 13, 14, 15, 16, 17, 18, 27, 30]]
n:38 p:9 g:19 part:[[19, 38], [22, 35], [23, 34], [24, 33], [25, 32], [26, 31], [9, 20, 29, 37], [10, 21, 28, 36], [1, 2, 3, 4, 5, 6, 7, 8, 11, 12, 13, 14, 15, 16, 17, 18, 27, 30]]
n:38 p:9 g:19 part:[[21, 36], [22, 35], [23, 34], [24, 33], [25, 32], [26, 31], [9, 19, 29, 38], [10, 20, 28, 37], [1, 2, 3, 4, 5, 6, 7, 8, 11, 12, 13, 14, 15, 16, 17, 18, 27, 30]]
n:38 p:7 g:19 part:[[19, 38], [20, 37], [21, 36], [22, 35], [23, 34], [24, 33], [1, 2, 3, 4, 5, 6, 7, 8, 9, 10, 11, 12, 13, 14, 15, 16, 17, 18, 25, 26, 27, 28, 29, 30, 31, 32]]
n:38 p:7 g:19 part:[[19, 38], [20, 37], [21, 36], [22, 35], [23, 34], [7, 24, 31, 33], [1, 2, 3, 4, 5, 6, 8, 9, 10, 11, 12, 13, 14, 15, 16, 17, 18, 25, 26, 27, 28, 29, 30, 32]]
n:38 p:7 g:19 part:[[19, 38], [20, 37], [21, 36], [22, 35], [23, 34], [7, 9, 24, 29, 31, 33], [1, 2, 3, 4, 5, 6, 8, 10, 11, 12, 13, 14, 15, 16, 17, 18, 25, 26, 27, 28, 30, 32]]
n:38 p:7 g:19 part:[[19, 38], [20, 37], [21, 36], [22, 35], [23, 34], [7, 9, 11, 24, 27, 29, 31, 33], [1, 2, 3, 4, 5, 6, 8, 10, 12, 13, 14, 15, 16, 17, 18, 25, 26, 28, 30, 32]]
n:38 p:7 g:19 part:[[19, 38], [20, 37], [21, 36], [22, 35], [23, 34], [7, 9, 11, 12, 24, 26, 27, 29, 31, 33], [1, 2, 3, 4, 5, 6, 8, 10, 13, 14, 15, 16, 17, 18, 25, 28, 30, 32]]
n:38 p:7 g:19 part:[[19, 38], [20, 37], [21, 36], [22, 35], [23, 34], [7, 9, 11, 12, 24, 26, 27, 29, 31, 33], [1, 2, 3, 4, 5, 6, 8, 10, 13, 14, 15, 16, 17, 18, 25, 28, 30, 32]]
n:38 p:7 g:19 part:[[19, 38], [20, 37], [21, 36], [22, 35], [23, 34], [7, 9, 11, 12, 24, 26, 27, 29, 31, 33], [1, 2, 3, 4, 5, 6, 8, 10, 13, 14, 15, 16, 17, 18, 25, 28, 30, 32]]
n:38 p:7 g:19 part:[[19, 38], [20, 37], [21, 36], [22, 35], [7, 23, 31, 34], [8, 24, 30, 33], [1, 2, 3, 4, 5, 6, 9, 10, 11, 12, 13, 14, 15, 16, 17, 18, 25, 26, 27, 28, 29, 32]]
n:38 p:7 g:19 part:[[19, 38], [20, 37], [21, 36], [22, 35], [7, 23, 31, 34], [8, 10, 24, 28, 30, 33], [1, 2, 3, 4, 5, 6, 9, 11, 12, 13, 14, 15, 16, 17, 18, 25, 26, 27, 29, 32]]
n:38 p:7 g:19 part:[[19, 38], [20, 37], [21, 36], [22, 35], [7, 23, 31, 34], [8, 10, 12, 24, 26, 28, 30, 33], [1, 2, 3, 4, 5, 6, 9, 11, 13, 14, 15, 16, 17, 18, 25, 27, 29, 32]]
n:38 p:7 g:19 part:[[19, 38], [20, 37], [21, 36], [22, 35], [7, 23, 31, 34], [8, 10, 11, 12, 24, 26, 27, 28, 30, 33], [1, 2, 3, 4, 5, 6, 9, 13, 14, 15, 16, 17, 18, 25, 29, 32]]
n:38 p:7 g:19 part:[[19, 38], [20, 37], [21, 36], [22, 35], [7, 23, 31, 34], [8, 10, 11, 12, 24, 26, 27, 28, 30, 33], [1, 2, 3, 4, 5, 6, 9, 13, 14, 15, 16, 17, 18, 25, 29, 32]]
n:38 p:7 g:19 part:[[19, 38], [20, 37], [21, 36], [22, 35], [7, 9, 23, 29, 31, 34], [8, 11, 24, 27, 30, 33], [1, 2, 3, 4, 5, 6, 10, 12, 13, 14, 15, 16, 17, 18, 25, 26, 28, 32]]
n:38 p:7 g:19 part:[[19, 38], [20, 37], [21, 36], [22, 35], [7, 9, 23, 29, 31, 34], [8, 11, 12, 24, 26, 27, 30, 33], [1, 2, 3, 4, 5, 6, 10, 13, 14, 15, 16, 17, 18, 25, 28, 32]]
n:38 p:7 g:19 part:[[19, 38], [20, 37], [21, 36], [22, 35], [7, 9, 23, 29, 31, 34], [8, 11, 12, 24, 26, 27, 30, 33], [1, 2, 3, 4, 5, 6, 10, 13, 14, 15, 16, 17, 18, 25, 28, 32]]
n:38 p:7 g:19 part:[[19, 38], [20, 37], [21, 36], [22, 35], [7, 9, 23, 29, 31, 34], [8, 11, 12, 24, 26, 27, 30, 33], [1, 2, 3, 4, 5, 6, 10, 13, 14, 15, 16, 17, 18, 25, 28, 32]]
n:38 p:7 g:19 part:[[19, 38], [20, 37], [21, 36], [22, 35], [7, 9, 11, 23, 27, 29, 31, 34], [8, 10, 12, 24, 26, 28, 30, 33], [1, 2, 3, 4, 5, 6, 13, 14, 15, 16, 17, 18, 25, 32]]
n:38 p:7 g:19 part:[[19, 38], [20, 37], [21, 36], [22, 35], [7, 9, 11, 23, 27, 29, 31, 34], [8, 10, 12, 24, 26, 28, 30, 33], [1, 2, 3, 4, 5, 6, 13, 14, 15, 16, 17, 18, 25, 32]]
n:38 p:7 g:19 part:[[19, 38], [20, 37], [21, 36], [22, 35], [8, 10, 24, 28, 30, 33], [7, 9, 11, 12, 23, 26, 27, 29, 31, 34], [1, 2, 3, 4, 5, 6, 13, 14, 15, 16, 17, 18, 25, 32]]
n:38 p:7 g:19 part:[[19, 38], [20, 37], [21, 36], [7, 22, 31, 35], [8, 23, 30, 34], [9, 24, 29, 33], [1, 2, 3, 4, 5, 6, 10, 11, 12, 13, 14, 15, 16, 17, 18, 25, 26, 27, 28, 32]]
n:38 p:7 g:19 part:[[19, 38], [20, 37], [21, 36], [7, 22, 31, 35], [8, 23, 30, 34], [9, 11, 24, 27, 29, 33], [1, 2, 3, 4, 5, 6, 10, 12, 13, 14, 15, 16, 17, 18, 25, 26, 28, 32]]
n:38 p:7 g:19 part:[[19, 38], [20, 37], [21, 36], [7, 22, 31, 35], [8, 23, 30, 34], [9, 11, 12, 24, 26, 27, 29, 33], [1, 2, 3, 4, 5, 6, 10, 13, 14, 15, 16, 17, 18, 25, 28, 32]]
n:38 p:7 g:19 part:[[19, 38], [20, 37], [21, 36], [7, 22, 31, 35], [8, 23, 30, 34], [9, 11, 12, 24, 26, 27, 29, 33], [1, 2, 3, 4, 5, 6, 10, 13, 14, 15, 16, 17, 18, 25, 28, 32]]
n:38 p:7 g:19 part:[[19, 38], [20, 37], [21, 36], [7, 22, 31, 35], [8, 23, 30, 34], [9, 11, 12, 24, 26, 27, 29, 33], [1, 2, 3, 4, 5, 6, 10, 13, 14, 15, 16, 17, 18, 25, 28, 32]]
n:38 p:7 g:19 part:[[19, 38], [20, 37], [21, 36], [7, 22, 31, 35], [8, 10, 23, 28, 30, 34], [9, 12, 24, 26, 29, 33], [1, 2, 3, 4, 5, 6, 11, 13, 14, 15, 16, 17, 18, 25, 27, 32]]
n:38 p:7 g:19 part:[[19, 38], [20, 37], [21, 36], [7, 22, 31, 35], [8, 10, 23, 28, 30, 34], [9, 11, 12, 24, 26, 27, 29, 33], [1, 2, 3, 4, 5, 6, 13, 14, 15, 16, 17, 18, 25, 32]]
n:38 p:7 g:19 part:[[19, 38], [20, 37], [21, 36], [7, 22, 31, 35], [8, 10, 23, 28, 30, 34], [9, 11, 12, 24, 26, 27, 29, 33], [1, 2, 3, 4, 5, 6, 13, 14, 15, 16, 17, 18, 25, 32]]
n:38 p:7 g:19 part:[[19, 38], [20, 37], [21, 36], [7, 22, 31, 35], [9, 11, 24, 27, 29, 33], [8, 10, 12, 23, 26, 28, 30, 34], [1, 2, 3, 4, 5, 6, 13, 14, 15, 16, 17, 18, 25, 32]]
n:38 p:7 g:19 part:[[19, 38], [20, 37], [21, 36], [7, 22, 31, 35], [9, 11, 24, 27, 29, 33], [8, 10, 12, 23, 26, 28, 30, 34], [1, 2, 3, 4, 5, 6, 13, 14, 15, 16, 17, 18, 25, 32]]
n:38 p:7 g:19 part:[[19, 38], [20, 37], [21, 36], [7, 9, 22, 29, 31, 35], [8, 11, 23, 27, 30, 34], [10, 12, 24, 26, 28, 33], [1, 2, 3, 4, 5, 6, 13, 14, 15, 16, 17, 18, 25, 32]]
n:38 p:7 g:19 part:[[19, 38], [20, 37], [21, 36], [7, 9, 22, 29, 31, 35], [8, 11, 23, 27, 30, 34], [10, 12, 24, 26, 28, 33], [1, 2, 3, 4, 5, 6, 13, 14, 15, 16, 17, 18, 25, 32]]
n:38 p:7 g:19 part:[[19, 38], [20, 37], [21, 36], [7, 9, 22, 29, 31, 35], [8, 11, 23, 27, 30, 34], [10, 12, 24, 26, 28, 33], [1, 2, 3, 4, 5, 6, 13, 14, 15, 16, 17, 18, 25, 32]]
n:38 p:7 g:19 part:[[19, 38], [20, 37], [21, 36], [10, 24, 28, 33], [7, 9, 22, 29, 31, 35], [8, 11, 12, 23, 26, 27, 30, 34], [1, 2, 3, 4, 5, 6, 13, 14, 15, 16, 17, 18, 25, 32]]
n:38 p:7 g:19 part:[[19, 38], [20, 37], [21, 36], [24, 33], [7, 9, 11, 22, 27, 29, 31, 35], [8, 10, 12, 23, 26, 28, 30, 34], [1, 2, 3, 4, 5, 6, 13, 14, 15, 16, 17, 18, 25, 32]]
n:38 p:7 g:19 part:[[19, 38], [20, 37], [7, 21, 31, 36], [8, 22, 30, 35], [9, 23, 29, 34], [10, 24, 28, 33], [1, 2, 3, 4, 5, 6, 11, 12, 13, 14, 15, 16, 17, 18, 25, 26, 27, 32]]
n:38 p:7 g:19 part:[[19, 38], [20, 37], [7, 21, 31, 36], [8, 22, 30, 35], [9, 23, 29, 34], [10, 12, 24, 26, 28, 33], [1, 2, 3, 4, 5, 6, 11, 13, 14, 15, 16, 17, 18, 25, 27, 32]]
n:38 p:7 g:19 part:[[19, 38], [20, 37], [7, 21, 31, 36], [8, 22, 30, 35], [9, 23, 29, 34], [10, 11, 12, 24, 26, 27, 28, 33], [1, 2, 3, 4, 5, 6, 13, 14, 15, 16, 17, 18, 25, 32]]
n:38 p:7 g:19 part:[[19, 38], [20, 37], [7, 21, 31, 36], [8, 22, 30, 35], [9, 23, 29, 34], [10, 11, 12, 24, 26, 27, 28, 33], [1, 2, 3, 4, 5, 6, 13, 14, 15, 16, 17, 18, 25, 32]]
n:38 p:7 g:19 part:[[19, 38], [20, 37], [7, 21, 31, 36], [8, 22, 30, 35], [9, 11, 23, 27, 29, 34], [10, 12, 24, 26, 28, 33], [1, 2, 3, 4, 5, 6, 13, 14, 15, 16, 17, 18, 25, 32]]
n:38 p:7 g:19 part:[[19, 38], [20, 37], [7, 21, 31, 36], [8, 22, 30, 35], [9, 11, 23, 27, 29, 34], [10, 12, 24, 26, 28, 33], [1, 2, 3, 4, 5, 6, 13, 14, 15, 16, 17, 18, 25, 32]]
n:38 p:7 g:19 part:[[19, 38], [20, 37], [7, 21, 31, 36], [8, 22, 30, 35], [9, 11, 23, 27, 29, 34], [10, 12, 24, 26, 28, 33], [1, 2, 3, 4, 5, 6, 13, 14, 15, 16, 17, 18, 25, 32]]
n:38 p:7 g:19 part:[[19, 38], [20, 37], [7, 21, 31, 36], [8, 22, 30, 35], [10, 24, 28, 33], [9, 11, 12, 23, 26, 27, 29, 34], [1, 2, 3, 4, 5, 6, 13, 14, 15, 16, 17, 18, 25, 32]]
n:38 p:7 g:19 part:[[19, 38], [20, 37], [7, 21, 31, 36], [11, 24, 27, 33], [8, 10, 22, 28, 30, 35], [9, 12, 23, 26, 29, 34], [1, 2, 3, 4, 5, 6, 13, 14, 15, 16, 17, 18, 25, 32]]
n:38 p:7 g:19 part:[[19, 38], [20, 37], [7, 21, 31, 36], [11, 24, 27, 33], [8, 10, 22, 28, 30, 35], [9, 12, 23, 26, 29, 34], [1, 2, 3, 4, 5, 6, 13, 14, 15, 16, 17, 18, 25, 32]]
n:38 p:7 g:19 part:[[19, 38], [20, 37], [24, 33], [7, 21, 31, 36], [8, 10, 22, 28, 30, 35], [9, 11, 12, 23, 26, 27, 29, 34], [1, 2, 3, 4, 5, 6, 13, 14, 15, 16, 17, 18, 25, 32]]
n:38 p:7 g:19 part:[[19, 38], [20, 37], [24, 33], [7, 9, 21, 29, 31, 36], [8, 11, 22, 27, 30, 35], [10, 12, 23, 26, 28, 34], [1, 2, 3, 4, 5, 6, 13, 14, 15, 16, 17, 18, 25, 32]]
n:38 p:7 g:19 part:[[19, 38], [20, 37], [24, 33], [7, 9, 21, 29, 31, 36], [8, 11, 22, 27, 30, 35], [10, 12, 23, 26, 28, 34], [1, 2, 3, 4, 5, 6, 13, 14, 15, 16, 17, 18, 25, 32]]
n:38 p:7 g:19 part:[[19, 38], [7, 20, 31, 37], [8, 21, 30, 36], [9, 22, 29, 35], [10, 23, 28, 34], [11, 24, 27, 33], [1, 2, 3, 4, 5, 6, 12, 13, 14, 15, 16, 17, 18, 25, 26, 32]]
n:38 p:7 g:19 part:[[19, 38], [7, 20, 31, 37], [8, 21, 30, 36], [9, 22, 29, 35], [10, 23, 28, 34], [11, 12, 24, 26, 27, 33], [1, 2, 3, 4, 5, 6, 13, 14, 15, 16, 17, 18, 25, 32]]
n:38 p:7 g:19 part:[[19, 38], [7, 20, 31, 37], [8, 21, 30, 36], [9, 22, 29, 35], [10, 23, 28, 34], [11, 12, 24, 26, 27, 33], [1, 2, 3, 4, 5, 6, 13, 14, 15, 16, 17, 18, 25, 32]]
n:38 p:7 g:19 part:[[19, 38], [7, 20, 31, 37], [8, 21, 30, 36], [9, 22, 29, 35], [10, 23, 28, 34], [11, 12, 24, 26, 27, 33], [1, 2, 3, 4, 5, 6, 13, 14, 15, 16, 17, 18, 25, 32]]
n:38 p:7 g:19 part:[[19, 38], [7, 20, 31, 37], [8, 21, 30, 36], [9, 22, 29, 35], [11, 24, 27, 33], [10, 12, 23, 26, 28, 34], [1, 2, 3, 4, 5, 6, 13, 14, 15, 16, 17, 18, 25, 32]]
n:38 p:7 g:19 part:[[19, 38], [7, 20, 31, 37], [8, 21, 30, 36], [9, 22, 29, 35], [11, 24, 27, 33], [10, 12, 23, 26, 28, 34], [1, 2, 3, 4, 5, 6, 13, 14, 15, 16, 17, 18, 25, 32]]
n:38 p:7 g:19 part:[[19, 38], [24, 33], [7, 20, 31, 37], [8, 21, 30, 36], [9, 22, 29, 35], [10, 11, 12, 23, 26, 27, 28, 34], [1, 2, 3, 4, 5, 6, 13, 14, 15, 16, 17, 18, 25, 32]]
n:38 p:7 g:19 part:[[19, 38], [24, 33], [7, 20, 31, 37], [8, 21, 30, 36], [9, 11, 22, 27, 29, 35], [10, 12, 23, 26, 28, 34], [1, 2, 3, 4, 5, 6, 13, 14, 15, 16, 17, 18, 25, 32]]
n:38 p:7 g:19 part:[[19, 38], [24, 33], [7, 20, 31, 37], [8, 21, 30, 36], [9, 11, 22, 27, 29, 35], [10, 12, 23, 26, 28, 34], [1, 2, 3, 4, 5, 6, 13, 14, 15, 16, 17, 18, 25, 32]]
n:38 p:7 g:19 part:[[19, 38], [24, 33], [7, 20, 31, 37], [11, 23, 27, 34], [8, 10, 21, 28, 30, 36], [9, 12, 22, 26, 29, 35], [1, 2, 3, 4, 5, 6, 13, 14, 15, 16, 17, 18, 25, 32]]
n:38 p:7 g:19 part:[[19, 38], [23, 34], [24, 33], [7, 9, 20, 29, 31, 37], [8, 11, 21, 27, 30, 36], [10, 12, 22, 26, 28, 35], [1, 2, 3, 4, 5, 6, 13, 14, 15, 16, 17, 18, 25, 32]]
n:38 p:7 g:19 part:[[7, 19, 31, 38], [8, 20, 30, 37], [9, 21, 29, 36], [10, 22, 28, 35], [11, 23, 27, 34], [12, 24, 26, 33], [1, 2, 3, 4, 5, 6, 13, 14, 15, 16, 17, 18, 25, 32]]
n:38 p:7 g:19 part:[[7, 19, 31, 38], [8, 20, 30, 37], [9, 21, 29, 36], [10, 22, 28, 35], [11, 23, 27, 34], [12, 24, 26, 33], [1, 2, 3, 4, 5, 6, 13, 14, 15, 16, 17, 18, 25, 32]]
n:38 p:7 g:19 part:[[7, 19, 31, 38], [8, 20, 30, 37], [9, 21, 29, 36], [10, 22, 28, 35], [11, 23, 27, 34], [12, 24, 26, 33], [1, 2, 3, 4, 5, 6, 13, 14, 15, 16, 17, 18, 25, 32]]
n:38 p:7 g:19 part:[[24, 33], [7, 19, 31, 38], [8, 20, 30, 37], [9, 21, 29, 36], [10, 22, 28, 35], [11, 12, 23, 26, 27, 34], [1, 2, 3, 4, 5, 6, 13, 14, 15, 16, 17, 18, 25, 32]]
n:38 p:7 g:19 part:[[24, 33], [7, 19, 31, 38], [8, 20, 30, 37], [9, 21, 29, 36], [10, 22, 28, 35], [11, 12, 23, 26, 27, 34], [1, 2, 3, 4, 5, 6, 13, 14, 15, 16, 17, 18, 25, 32]]
n:38 p:7 g:19 part:[[24, 33], [7, 19, 31, 38], [8, 20, 30, 37], [9, 21, 29, 36], [11, 23, 27, 34], [10, 12, 22, 26, 28, 35], [1, 2, 3, 4, 5, 6, 13, 14, 15, 16, 17, 18, 25, 32]]
n:38 p:7 g:19 part:[[23, 34], [24, 33], [7, 19, 31, 38], [8, 20, 30, 37], [9, 11, 21, 27, 29, 36], [10, 12, 22, 26, 28, 35], [1, 2, 3, 4, 5, 6, 13, 14, 15, 16, 17, 18, 25, 32]]
n:38 p:5 g:19 part:[[19, 38], [20, 37], [21, 36], [22, 35], [1, 2, 3, 4, 5, 6, 7, 8, 9, 10, 11, 12, 13, 14, 15, 16, 17, 18, 23, 24, 25, 26, 27, 28, 29, 30, 31, 32, 33, 34]]
n:38 p:5 g:19 part:[[19, 38], [20, 37], [21, 36], [5, 22, 33, 35], [1, 2, 3, 4, 6, 7, 8, 9, 10, 11, 12, 13, 14, 15, 16, 17, 18, 23, 24, 25, 26, 27, 28, 29, 30, 31, 32, 34]]
n:38 p:5 g:19 part:[[19, 38], [20, 37], [21, 36], [5, 7, 22, 31, 33, 35], [1, 2, 3, 4, 6, 8, 9, 10, 11, 12, 13, 14, 15, 16, 17, 18, 23, 24, 25, 26, 27, 28, 29, 30, 32, 34]]
n:38 p:5 g:19 part:[[19, 38], [20, 37], [21, 36], [5, 7, 9, 22, 29, 31, 33, 35], [1, 2, 3, 4, 6, 8, 10, 11, 12, 13, 14, 15, 16, 17, 18, 23, 24, 25, 26, 27, 28, 30, 32, 34]]
n:38 p:5 g:19 part:[[19, 38], [20, 37], [21, 36], [5, 7, 9, 11, 22, 27, 29, 31, 33, 35], [1, 2, 3, 4, 6, 8, 10, 12, 13, 14, 15, 16, 17, 18, 23, 24, 25, 26, 28, 30, 32, 34]]
n:38 p:5 g:19 part:[[19, 38], [20, 37], [21, 36], [5, 7, 9, 11, 13, 22, 25, 27, 29, 31, 33, 35], [1, 2, 3, 4, 6, 8, 10, 12, 14, 15, 16, 17, 18, 23, 24, 26, 28, 30, 32, 34]]
n:38 p:5 g:19 part:[[19, 38], [20, 37], [21, 36], [5, 7, 9, 11, 13, 14, 22, 24, 25, 27, 29, 31, 33, 35], [1, 2, 3, 4, 6, 8, 10, 12, 15, 16, 17, 18, 23, 26, 28, 30, 32, 34]]
n:38 p:5 g:19 part:[[19, 38], [20, 37], [21, 36], [5, 7, 8, 9, 11, 13, 14, 22, 24, 25, 27, 29, 30, 31, 33, 35], [1, 2, 3, 4, 6, 10, 12, 15, 16, 17, 18, 23, 26, 28, 32, 34]]
n:38 p:5 g:19 part:[[19, 38], [20, 37], [5, 21, 33, 36], [6, 22, 32, 35], [1, 2, 3, 4, 7, 8, 9, 10, 11, 12, 13, 14, 15, 16, 17, 18, 23, 24, 25, 26, 27, 28, 29, 30, 31, 34]]
n:38 p:5 g:19 part:[[19, 38], [20, 37], [5, 21, 33, 36], [6, 8, 22, 30, 32, 35], [1, 2, 3, 4, 7, 9, 10, 11, 12, 13, 14, 15, 16, 17, 18, 23, 24, 25, 26, 27, 28, 29, 31, 34]]
n:38 p:5 g:19 part:[[19, 38], [20, 37], [5, 21, 33, 36], [6, 8, 10, 22, 28, 30, 32, 35], [1, 2, 3, 4, 7, 9, 11, 12, 13, 14, 15, 16, 17, 18, 23, 24, 25, 26, 27, 29, 31, 34]]
n:38 p:5 g:19 part:[[19, 38], [20, 37], [5, 21, 33, 36], [6, 8, 10, 12, 22, 26, 28, 30, 32, 35], [1, 2, 3, 4, 7, 9, 11, 13, 14, 15, 16, 17, 18, 23, 24, 25, 27, 29, 31, 34]]
n:38 p:5 g:19 part:[[19, 38], [20, 37], [5, 21, 33, 36], [6, 8, 10, 12, 14, 22, 24, 26, 28, 30, 32, 35], [1, 2, 3, 4, 7, 9, 11, 13, 15, 16, 17, 18, 23, 25, 27, 29, 31, 34]]
n:38 p:5 g:19 part:[[19, 38], [20, 37], [5, 21, 33, 36], [6, 8, 10, 12, 13, 14, 22, 24, 25, 26, 28, 30, 32, 35], [1, 2, 3, 4, 7, 9, 11, 15, 16, 17, 18, 23, 27, 29, 31, 34]]
n:38 p:5 g:19 part:[[19, 38], [20, 37], [5, 7, 21, 31, 33, 36], [6, 9, 22, 29, 32, 35], [1, 2, 3, 4, 8, 10, 11, 12, 13, 14, 15, 16, 17, 18, 23, 24, 25, 26, 27, 28, 30, 34]]
n:38 p:5 g:19 part:[[19, 38], [20, 37], [5, 7, 21, 31, 33, 36], [6, 9, 11, 22, 27, 29, 32, 35], [1, 2, 3, 4, 8, 10, 12, 13, 14, 15, 16, 17, 18, 23, 24, 25, 26, 28, 30, 34]]
n:38 p:5 g:19 part:[[19, 38], [20, 37], [5, 7, 21, 31, 33, 36], [6, 9, 11, 13, 22, 25, 27, 29, 32, 35], [1, 2, 3, 4, 8, 10, 12, 14, 15, 16, 17, 18, 23, 24, 26, 28, 30, 34]]
n:38 p:5 g:19 part:[[19, 38], [20, 37], [5, 7, 21, 31, 33, 36], [6, 9, 11, 13, 14, 22, 24, 25, 27, 29, 32, 35], [1, 2, 3, 4, 8, 10, 12, 15, 16, 17, 18, 23, 26, 28, 30, 34]]
n:38 p:5 g:19 part:[[19, 38], [20, 37], [5, 7, 21, 31, 33, 36], [6, 8, 9, 11, 13, 14, 22, 24, 25, 27, 29, 30, 32, 35], [1, 2, 3, 4, 10, 12, 15, 16, 17, 18, 23, 26, 28, 34]]
n:38 p:5 g:19 part:[[19, 38], [20, 37], [5, 7, 9, 21, 29, 31, 33, 36], [6, 10, 12, 22, 26, 28, 32, 35], [1, 2, 3, 4, 8, 11, 13, 14, 15, 16, 17, 18, 23, 24, 25, 27, 30, 34]]
n:38 p:5 g:19 part:[[19, 38], [20, 37], [5, 7, 9, 21, 29, 31, 33, 36], [6, 10, 12, 14, 22, 24, 26, 28, 32, 35], [1, 2, 3, 4, 8, 11, 13, 15, 16, 17, 18, 23, 25, 27, 30, 34]]
n:38 p:5 g:19 part:[[19, 38], [20, 37], [5, 7, 9, 21, 29, 31, 33, 36], [6, 10, 12, 13, 14, 22, 24, 25, 26, 28, 32, 35], [1, 2, 3, 4, 8, 11, 15, 16, 17, 18, 23, 27, 30, 34]]
n:38 p:5 g:19 part:[[19, 38], [20, 37], [5, 7, 9, 11, 21, 27, 29, 31, 33, 36], [6, 10, 13, 14, 22, 24, 25, 28, 32, 35], [1, 2, 3, 4, 8, 12, 15, 16, 17, 18, 23, 26, 30, 34]]
n:38 p:5 g:19 part:[[19, 38], [20, 37], [5, 7, 9, 11, 21, 27, 29, 31, 33, 36], [6, 10, 13, 14, 22, 24, 25, 28, 32, 35], [1, 2, 3, 4, 8, 12, 15, 16, 17, 18, 23, 26, 30, 34]]
n:38 p:5 g:19 part:[[19, 38], [5, 20, 33, 37], [6, 21, 32, 36], [7, 22, 31, 35], [1, 2, 3, 4, 8, 9, 10, 11, 12, 13, 14, 15, 16, 17, 18, 23, 24, 25, 26, 27, 28, 29, 30, 34]]
n:38 p:5 g:19 part:[[19, 38], [5, 20, 33, 37], [6, 21, 32, 36], [7, 9, 22, 29, 31, 35], [1, 2, 3, 4, 8, 10, 11, 12, 13, 14, 15, 16, 17, 18, 23, 24, 25, 26, 27, 28, 30, 34]]
n:38 p:5 g:19 part:[[19, 38], [5, 20, 33, 37], [6, 21, 32, 36], [7, 9, 11, 22, 27, 29, 31, 35], [1, 2, 3, 4, 8, 10, 12, 13, 14, 15, 16, 17, 18, 23, 24, 25, 26, 28, 30, 34]]
n:38 p:5 g:19 part:[[19, 38], [5, 20, 33, 37], [6, 21, 32, 36], [7, 9, 11, 13, 22, 25, 27, 29, 31, 35], [1, 2, 3, 4, 8, 10, 12, 14, 15, 16, 17, 18, 23, 24, 26, 28, 30, 34]]
n:38 p:5 g:19 part:[[19, 38], [5, 20, 33, 37], [6, 21, 32, 36], [7, 9, 11, 13, 14, 22, 24, 25, 27, 29, 31, 35], [1, 2, 3, 4, 8, 10, 12, 15, 16, 17, 18, 23, 26, 28, 30, 34]]
n:38 p:5 g:19 part:[[19, 38], [5, 20, 33, 37], [6, 21, 32, 36], [7, 8, 9, 11, 13, 14, 22, 24, 25, 27, 29, 30, 31, 35], [1, 2, 3, 4, 10, 12, 15, 16, 17, 18, 23, 26, 28, 34]]
n:38 p:5 g:19 part:[[19, 38], [5, 20, 33, 37], [6, 8, 21, 30, 32, 36], [7, 10, 22, 28, 31, 35], [1, 2, 3, 4, 9, 11, 12, 13, 14, 15, 16, 17, 18, 23, 24, 25, 26, 27, 29, 34]]
n:38 p:5 g:19 part:[[19, 38], [5, 20, 33, 37], [6, 8, 21, 30, 32, 36], [7, 10, 12, 22, 26, 28, 31, 35], [1, 2, 3, 4, 9, 11, 13, 14, 15, 16, 17, 18, 23, 24, 25, 27, 29, 34]]
n:38 p:5 g:19 part:[[19, 38], [5, 20, 33, 37], [6, 8, 21, 30, 32, 36], [7, 10, 12, 14, 22, 24, 26, 28, 31, 35], [1, 2, 3, 4, 9, 11, 13, 15, 16, 17, 18, 23, 25, 27, 29, 34]]
n:38 p:5 g:19 part:[[19, 38], [5, 20, 33, 37], [6, 8, 21, 30, 32, 36], [7, 10, 12, 13, 14, 22, 24, 25, 26, 28, 31, 35], [1, 2, 3, 4, 9, 11, 15, 16, 17, 18, 23, 27, 29, 34]]
n:38 p:5 g:19 part:[[19, 38], [5, 20, 33, 37], [6, 8, 10, 21, 28, 30, 32, 36], [7, 11, 13, 22, 25, 27, 31, 35], [1, 2, 3, 4, 9, 12, 14, 15, 16, 17, 18, 23, 24, 26, 29, 34]]
n:38 p:5 g:19 part:[[19, 38], [5, 20, 33, 37], [6, 8, 10, 21, 28, 30, 32, 36], [7, 11, 13, 14, 22, 24, 25, 27, 31, 35], [1, 2, 3, 4, 9, 12, 15, 16, 17, 18, 23, 26, 29, 34]]
n:38 p:5 g:19 part:[[19, 38], [5, 20, 33, 37], [6, 8, 10, 21, 28, 30, 32, 36], [7, 11, 13, 14, 22, 24, 25, 27, 31, 35], [1, 2, 3, 4, 9, 12, 15, 16, 17, 18, 23, 26, 29, 34]]
n:38 p:5 g:19 part:[[19, 38], [5, 20, 33, 37], [6, 8, 10, 12, 21, 26, 28, 30, 32, 36], [7, 11, 13, 14, 22, 24, 25, 27, 31, 35], [1, 2, 3, 4, 9, 15, 16, 17, 18, 23, 29, 34]]
n:38 p:5 g:19 part:[[19, 38], [5, 7, 20, 31, 33, 37], [6, 9, 21, 29, 32, 36], [8, 11, 22, 27, 30, 35], [1, 2, 3, 4, 10, 12, 13, 14, 15, 16, 17, 18, 23, 24, 25, 26, 28, 34]]
n:38 p:5 g:19 part:[[19, 38], [5, 7, 20, 31, 33, 37], [6, 9, 21, 29, 32, 36], [8, 11, 13, 22, 25, 27, 30, 35], [1, 2, 3, 4, 10, 12, 14, 15, 16, 17, 18, 23, 24, 26, 28, 34]]
n:38 p:5 g:19 part:[[19, 38], [5, 7, 20, 31, 33, 37], [6, 9, 21, 29, 32, 36], [8, 11, 13, 14, 22, 24, 25, 27, 30, 35], [1, 2, 3, 4, 10, 12, 15, 16, 17, 18, 23, 26, 28, 34]]
n:38 p:5 g:19 part:[[19, 38], [5, 7, 20, 31, 33, 37], [6, 9, 21, 29, 32, 36], [8, 11, 13, 14, 22, 24, 25, 27, 30, 35], [1, 2, 3, 4, 10, 12, 15, 16, 17, 18, 23, 26, 28, 34]]
n:38 p:5 g:19 part:[[19, 38], [5, 7, 20, 31, 33, 37], [6, 9, 11, 21, 27, 29, 32, 36], [8, 12, 14, 22, 24, 26, 30, 35], [1, 2, 3, 4, 10, 13, 15, 16, 17, 18, 23, 25, 28, 34]]
n:38 p:5 g:19 part:[[19, 38], [5, 7, 20, 31, 33, 37], [6, 9, 11, 21, 27, 29, 32, 36], [8, 12, 13, 14, 22, 24, 25, 26, 30, 35], [1, 2, 3, 4, 10, 15, 16, 17, 18, 23, 28, 34]]
n:38 p:5 g:19 part:[[19, 38], [5, 7, 20, 31, 33, 37], [8, 12, 14, 22, 24, 26, 30, 35], [6, 9, 11, 13, 21, 25, 27, 29, 32, 36], [1, 2, 3, 4, 10, 15, 16, 17, 18, 23, 28, 34]]
n:38 p:5 g:19 part:[[19, 38], [5, 7, 9, 20, 29, 31, 33, 37], [6, 10, 12, 21, 26, 28, 32, 36], [8, 13, 14, 22, 24, 25, 30, 35], [1, 2, 3, 4, 11, 15, 16, 17, 18, 23, 27, 34]]
n:38 p:5 g:19 part:[[19, 38], [5, 7, 9, 20, 29, 31, 33, 37], [6, 10, 12, 21, 26, 28, 32, 36], [8, 13, 14, 22, 24, 25, 30, 35], [1, 2, 3, 4, 11, 15, 16, 17, 18, 23, 27, 34]]
n:38 p:5 g:19 part:[[5, 19, 33, 38], [6, 20, 32, 37], [7, 21, 31, 36], [8, 22, 30, 35], [1, 2, 3, 4, 9, 10, 11, 12, 13, 14, 15, 16, 17, 18, 23, 24, 25, 26, 27, 28, 29, 34]]
n:38 p:5 g:19 part:[[5, 19, 33, 38], [6, 20, 32, 37], [7, 21, 31, 36], [8, 10, 22, 28, 30, 35], [1, 2, 3, 4, 9, 11, 12, 13, 14, 15, 16, 17, 18, 23, 24, 25, 26, 27, 29, 34]]
n:38 p:5 g:19 part:[[5, 19, 33, 38], [6, 20, 32, 37], [7, 21, 31, 36], [8, 10, 12, 22, 26, 28, 30, 35], [1, 2, 3, 4, 9, 11, 13, 14, 15, 16, 17, 18, 23, 24, 25, 27, 29, 34]]
n:38 p:5 g:19 part:[[5, 19, 33, 38], [6, 20, 32, 37], [7, 21, 31, 36], [8, 10, 12, 14, 22, 24, 26, 28, 30, 35], [1, 2, 3, 4, 9, 11, 13, 15, 16, 17, 18, 23, 25, 27, 29, 34]]
n:38 p:5 g:19 part:[[5, 19, 33, 38], [6, 20, 32, 37], [7, 21, 31, 36], [8, 10, 12, 13, 14, 22, 24, 25, 26, 28, 30, 35], [1, 2, 3, 4, 9, 11, 15, 16, 17, 18, 23, 27, 29, 34]]
n:38 p:5 g:19 part:[[5, 19, 33, 38], [6, 20, 32, 37], [7, 9, 21, 29, 31, 36], [8, 11, 22, 27, 30, 35], [1, 2, 3, 4, 10, 12, 13, 14, 15, 16, 17, 18, 23, 24, 25, 26, 28, 34]]
n:38 p:5 g:19 part:[[5, 19, 33, 38], [6, 20, 32, 37], [7, 9, 21, 29, 31, 36], [8, 11, 13, 22, 25, 27, 30, 35], [1, 2, 3, 4, 10, 12, 14, 15, 16, 17, 18, 23, 24, 26, 28, 34]]
n:38 p:5 g:19 part:[[5, 19, 33, 38], [6, 20, 32, 37], [7, 9, 21, 29, 31, 36], [8, 11, 13, 14, 22, 24, 25, 27, 30, 35], [1, 2, 3, 4, 10, 12, 15, 16, 17, 18, 23, 26, 28, 34]]
n:38 p:5 g:19 part:[[5, 19, 33, 38], [6, 20, 32, 37], [7, 9, 21, 29, 31, 36], [8, 11, 13, 14, 22, 24, 25, 27, 30, 35], [1, 2, 3, 4, 10, 12, 15, 16, 17, 18, 23, 26, 28, 34]]
n:38 p:5 g:19 part:[[5, 19, 33, 38], [6, 20, 32, 37], [7, 9, 11, 21, 27, 29, 31, 36], [8, 12, 14, 22, 24, 26, 30, 35], [1, 2, 3, 4, 10, 13, 15, 16, 17, 18, 23, 25, 28, 34]]
n:38 p:5 g:19 part:[[5, 19, 33, 38], [6, 20, 32, 37], [7, 9, 11, 21, 27, 29, 31, 36], [8, 12, 13, 14, 22, 24, 25, 26, 30, 35], [1, 2, 3, 4, 10, 15, 16, 17, 18, 23, 28, 34]]
n:38 p:5 g:19 part:[[5, 19, 33, 38], [6, 20, 32, 37], [8, 12, 14, 22, 24, 26, 30, 35], [7, 9, 11, 13, 21, 25, 27, 29, 31, 36], [1, 2, 3, 4, 10, 15, 16, 17, 18, 23, 28, 34]]
n:38 p:5 g:19 part:[[5, 19, 33, 38], [6, 8, 20, 30, 32, 37], [7, 10, 21, 28, 31, 36], [9, 12, 22, 26, 29, 35], [1, 2, 3, 4, 11, 13, 14, 15, 16, 17, 18, 23, 24, 25, 27, 34]]
n:38 p:5 g:19 part:[[5, 19, 33, 38], [6, 8, 20, 30, 32, 37], [7, 10, 21, 28, 31, 36], [9, 12, 14, 22, 24, 26, 29, 35], [1, 2, 3, 4, 11, 13, 15, 16, 17, 18, 23, 25, 27, 34]]
n:38 p:5 g:19 part:[[5, 19, 33, 38], [6, 8, 20, 30, 32, 37], [7, 10, 21, 28, 31, 36], [9, 12, 13, 14, 22, 24, 25, 26, 29, 35], [1, 2, 3, 4, 11, 15, 16, 17, 18, 23, 27, 34]]
n:38 p:5 g:19 part:[[5, 19, 33, 38], [6, 8, 20, 30, 32, 37], [7, 10, 12, 21, 26, 28, 31, 36], [9, 13, 14, 22, 24, 25, 29, 35], [1, 2, 3, 4, 11, 15, 16, 17, 18, 23, 27, 34]]
n:38 p:5 g:19 part:[[5, 19, 33, 38], [6, 8, 20, 30, 32, 37], [7, 10, 12, 21, 26, 28, 31, 36], [9, 13, 14, 22, 24, 25, 29, 35], [1, 2, 3, 4, 11, 15, 16, 17, 18, 23, 27, 34]]
n:38 p:5 g:19 part:[[5, 19, 33, 38], [6, 8, 10, 20, 28, 30, 32, 37], [7, 11, 13, 21, 25, 27, 31, 36], [9, 12, 14, 22, 24, 26, 29, 35], [1, 2, 3, 4, 15, 16, 17, 18, 23, 34]]
n:38 p:5 g:19 part:[[5, 7, 19, 31, 33, 38], [6, 9, 20, 29, 32, 37], [8, 11, 21, 27, 30, 36], [10, 13, 22, 25, 28, 35], [1, 2, 3, 4, 12, 14, 15, 16, 17, 18, 23, 24, 26, 34]]
n:38 p:5 g:19 part:[[5, 7, 19, 31, 33, 38], [6, 9, 20, 29, 32, 37], [8, 11, 21, 27, 30, 36], [10, 13, 14, 22, 24, 25, 28, 35], [1, 2, 3, 4, 12, 15, 16, 17, 18, 23, 26, 34]]
n:38 p:5 g:19 part:[[5, 7, 19, 31, 33, 38], [6, 9, 20, 29, 32, 37], [8, 11, 21, 27, 30, 36], [10, 13, 14, 22, 24, 25, 28, 35], [1, 2, 3, 4, 12, 15, 16, 17, 18, 23, 26, 34]]
n:38 p:5 g:19 part:[[5, 7, 19, 31, 33, 38], [6, 9, 20, 29, 32, 37], [8, 11, 13, 21, 25, 27, 30, 36], [10, 12, 14, 22, 24, 26, 28, 35], [1, 2, 3, 4, 15, 16, 17, 18, 23, 34]]
n:38 p:5 g:19 part:[[5, 7, 19, 31, 33, 38], [10, 13, 22, 25, 28, 35], [6, 9, 11, 20, 27, 29, 32, 37], [8, 12, 14, 21, 24, 26, 30, 36], [1, 2, 3, 4, 15, 16, 17, 18, 23, 34]]
n:38 p:3 g:19 part:[[19, 38], [20, 37], [1, 2, 3, 4, 5, 6, 7, 8, 9, 10, 11, 12, 13, 14, 15, 16, 17, 18, 21, 22, 23, 24, 25, 26, 27, 28, 29, 30, 31, 32, 33, 34, 35, 36]]
n:38 p:3 g:19 part:[[19, 38], [3, 20, 35, 37], [1, 2, 4, 5, 6, 7, 8, 9, 10, 11, 12, 13, 14, 15, 16, 17, 18, 21, 22, 23, 24, 25, 26, 27, 28, 29, 30, 31, 32, 33, 34, 36]]
n:38 p:3 g:19 part:[[19, 38], [3, 5, 20, 33, 35, 37], [1, 2, 4, 6, 7, 8, 9, 10, 11, 12, 13, 14, 15, 16, 17, 18, 21, 22, 23, 24, 25, 26, 27, 28, 29, 30, 31, 32, 34, 36]]
n:38 p:3 g:19 part:[[19, 38], [3, 5, 7, 20, 31, 33, 35, 37], [1, 2, 4, 6, 8, 9, 10, 11, 12, 13, 14, 15, 16, 17, 18, 21, 22, 23, 24, 25, 26, 27, 28, 29, 30, 32, 34, 36]]
n:38 p:3 g:19 part:[[19, 38], [3, 5, 7, 9, 20, 29, 31, 33, 35, 37], [1, 2, 4, 6, 8, 10, 11, 12, 13, 14, 15, 16, 17, 18, 21, 22, 23, 24, 25, 26, 27, 28, 30, 32, 34, 36]]
n:38 p:3 g:19 part:[[19, 38], [3, 5, 7, 9, 11, 20, 27, 29, 31, 33, 35, 37], [1, 2, 4, 6, 8, 10, 12, 13, 14, 15, 16, 17, 18, 21, 22, 23, 24, 25, 26, 28, 30, 32, 34, 36]]
n:38 p:3 g:19 part:[[19, 38], [3, 5, 7, 9, 11, 13, 20, 25, 27, 29, 31, 33, 35, 37], [1, 2, 4, 6, 8, 10, 12, 14, 15, 16, 17, 18, 21, 22, 23, 24, 26, 28, 30, 32, 34, 36]]
n:38 p:3 g:19 part:[[19, 38], [3, 5, 7, 9, 11, 13, 15, 20, 23, 25, 27, 29, 31, 33, 35, 37], [1, 2, 4, 6, 8, 10, 12, 14, 16, 17, 18, 21, 22, 24, 26, 28, 30, 32, 34, 36]]
n:38 p:3 g:19 part:[[19, 38], [3, 5, 7, 9, 11, 13, 15, 16, 20, 22, 23, 25, 27, 29, 31, 33, 35, 37], [1, 2, 4, 6, 8, 10, 12, 14, 17, 18, 21, 24, 26, 28, 30, 32, 34, 36]]
n:38 p:3 g:19 part:[[3, 19, 35, 38], [4, 20, 34, 37], [1, 2, 5, 6, 7, 8, 9, 10, 11, 12, 13, 14, 15, 16, 17, 18, 21, 22, 23, 24, 25, 26, 27, 28, 29, 30, 31, 32, 33, 36]]
n:38 p:3 g:19 part:[[3, 19, 35, 38], [4, 6, 20, 32, 34, 37], [1, 2, 5, 7, 8, 9, 10, 11, 12, 13, 14, 15, 16, 17, 18, 21, 22, 23, 24, 25, 26, 27, 28, 29, 30, 31, 33, 36]]
n:38 p:3 g:19 part:[[3, 19, 35, 38], [4, 6, 8, 20, 30, 32, 34, 37], [1, 2, 5, 7, 9, 10, 11, 12, 13, 14, 15, 16, 17, 18, 21, 22, 23, 24, 25, 26, 27, 28, 29, 31, 33, 36]]
n:38 p:3 g:19 part:[[3, 19, 35, 38], [4, 6, 8, 10, 20, 28, 30, 32, 34, 37], [1, 2, 5, 7, 9, 11, 12, 13, 14, 15, 16, 17, 18, 21, 22, 23, 24, 25, 26, 27, 29, 31, 33, 36]]
n:38 p:3 g:19 part:[[3, 19, 35, 38], [4, 6, 8, 10, 12, 20, 26, 28, 30, 32, 34, 37], [1, 2, 5, 7, 9, 11, 13, 14, 15, 16, 17, 18, 21, 22, 23, 24, 25, 27, 29, 31, 33, 36]]
n:38 p:3 g:19 part:[[3, 19, 35, 38], [4, 6, 8, 10, 12, 14, 20, 24, 26, 28, 30, 32, 34, 37], [1, 2, 5, 7, 9, 11, 13, 15, 16, 17, 18, 21, 22, 23, 25, 27, 29, 31, 33, 36]]
n:38 p:3 g:19 part:[[3, 19, 35, 38], [4, 6, 8, 10, 12, 14, 16, 20, 22, 24, 26, 28, 30, 32, 34, 37], [1, 2, 5, 7, 9, 11, 13, 15, 17, 18, 21, 23, 25, 27, 29, 31, 33, 36]]
n:38 p:3 g:19 part:[[3, 5, 19, 33, 35, 38], [4, 7, 20, 31, 34, 37], [1, 2, 6, 8, 9, 10, 11, 12, 13, 14, 15, 16, 17, 18, 21, 22, 23, 24, 25, 26, 27, 28, 29, 30, 32, 36]]
n:38 p:3 g:19 part:[[3, 5, 19, 33, 35, 38], [4, 7, 9, 20, 29, 31, 34, 37], [1, 2, 6, 8, 10, 11, 12, 13, 14, 15, 16, 17, 18, 21, 22, 23, 24, 25, 26, 27, 28, 30, 32, 36]]
n:38 p:3 g:19 part:[[3, 5, 19, 33, 35, 38], [4, 7, 9, 11, 20, 27, 29, 31, 34, 37], [1, 2, 6, 8, 10, 12, 13, 14, 15, 16, 17, 18, 21, 22, 23, 24, 25, 26, 28, 30, 32, 36]]
n:38 p:3 g:19 part:[[3, 5, 19, 33, 35, 38], [4, 7, 9, 11, 13, 20, 25, 27, 29, 31, 34, 37], [1, 2, 6, 8, 10, 12, 14, 15, 16, 17, 18, 21, 22, 23, 24, 26, 28, 30, 32, 36]]
n:38 p:3 g:19 part:[[3, 5, 19, 33, 35, 38], [4, 7, 9, 11, 13, 15, 20, 23, 25, 27, 29, 31, 34, 37], [1, 2, 6, 8, 10, 12, 14, 16, 17, 18, 21, 22, 24, 26, 28, 30, 32, 36]]
n:38 p:3 g:19 part:[[3, 5, 19, 33, 35, 38], [4, 7, 9, 11, 13, 15, 16, 20, 22, 23, 25, 27, 29, 31, 34, 37], [1, 2, 6, 8, 10, 12, 14, 17, 18, 21, 24, 26, 28, 30, 32, 36]]
n:38 p:3 g:19 part:[[3, 5, 7, 19, 31, 33, 35, 38], [4, 8, 10, 20, 28, 30, 34, 37], [1, 2, 6, 9, 11, 12, 13, 14, 15, 16, 17, 18, 21, 22, 23, 24, 25, 26, 27, 29, 32, 36]]
n:38 p:3 g:19 part:[[3, 5, 7, 19, 31, 33, 35, 38], [4, 8, 10, 12, 20, 26, 28, 30, 34, 37], [1, 2, 6, 9, 11, 13, 14, 15, 16, 17, 18, 21, 22, 23, 24, 25, 27, 29, 32, 36]]
n:38 p:3 g:19 part:[[3, 5, 7, 19, 31, 33, 35, 38], [4, 8, 10, 12, 14, 20, 24, 26, 28, 30, 34, 37], [1, 2, 6, 9, 11, 13, 15, 16, 17, 18, 21, 22, 23, 25, 27, 29, 32, 36]]
n:38 p:3 g:19 part:[[3, 5, 7, 19, 31, 33, 35, 38], [4, 8, 10, 12, 14, 16, 20, 22, 24, 26, 28, 30, 34, 37], [1, 2, 6, 9, 11, 13, 15, 17, 18, 21, 23, 25, 27, 29, 32, 36]]
n:38 p:3 g:19 part:[[3, 5, 7, 9, 19, 29, 31, 33, 35, 38], [4, 8, 11, 13, 20, 25, 27, 30, 34, 37], [1, 2, 6, 10, 12, 14, 15, 16, 17, 18, 21, 22, 23, 24, 26, 28, 32, 36]]
n:38 p:3 g:19 part:[[3, 5, 7, 9, 19, 29, 31, 33, 35, 38], [4, 8, 11, 13, 15, 20, 23, 25, 27, 30, 34, 37], [1, 2, 6, 10, 12, 14, 16, 17, 18, 21, 22, 24, 26, 28, 32, 36]]
n:38 p:3 g:19 part:[[3, 5, 7, 9, 19, 29, 31, 33, 35, 38], [4, 8, 11, 13, 15, 16, 20, 22, 23, 25, 27, 30, 34, 37], [1, 2, 6, 10, 12, 14, 17, 18, 21, 24, 26, 28, 32, 36]]
n:38 p:3 g:19 part:[[3, 5, 7, 9, 11, 19, 27, 29, 31, 33, 35, 38], [4, 8, 12, 14, 16, 20, 22, 24, 26, 30, 34, 37], [1, 2, 6, 10, 13, 15, 17, 18, 21, 23, 25, 28, 32, 36]]
n:38 p:1 g:19 part:[[1, 2, 3, 4, 5, 6, 7, 8, 9, 10, 11, 12, 13, 14, 15, 16, 17, 18, 19, 20, 21, 22, 23, 24, 25, 26, 27, 28, 29, 30, 31, 32, 33, 34, 35, 36, 37, 38]]
